# >> Output from SampleProps2TaxaClusters.pl <<
# >> Input file for the list of clusters: Clusters-NL_Average_StopStep-91_Network_BasisCor_SparCC_GT0.2_pval0.01_FunGroups_Time0_Paenibacillus.txt
# >> Input file for samples to taxa matrix: composition_otu_matched.csv
# >> Identifiers of the clusters: 
# >> :  1 2 3 5 8 13 14 16 17 18 20 22 23 24 27 28 35 39 45
# >> Labels of the clusters: 
# >> :  Yellow Red Green Orange LightGreen OliveBrown Pink Black
# >> This output file: SamplePropsOFtaxaClus_Time0_NL_Average_StopStep-91_SpCount.dat
# >> Running at date:  (mm,dd,yy) 4, 3, 2021, and time: 1:6:13,
# >> Theoretical biology, ETH-Zürich, A.P-G.
#WARNING: Abundances values are LOG-transformed 
# 
Sample	C1	C2	C3	C5	C8	C13	C14	C16	C17	C18	C20	C22	C23	C24	C27	C28	C35	C39	C45	Total 
AE112	4	18	21	25	29	32	35	38	41	53	69	72	75	78	81	85	88	91	98	135
WYT10	102	116	119	123	127	130	133	136	139	151	167	170	173	176	179	183	186	189	196	130
BB67	200	214	217	221	225	228	231	234	237	249	265	268	271	274	277	281	284	287	294	109
PH04	298	312	315	319	323	326	329	332	335	347	363	366	369	372	375	379	382	385	392	145
BWd06	396	410	413	417	421	424	427	430	433	445	461	464	467	470	473	477	480	483	490	112
SAC04	494	508	511	515	519	522	525	528	531	543	559	562	565	568	571	575	578	581	588	150
BB45	592	606	609	613	617	620	623	626	629	641	657	660	663	666	669	673	676	679	686	137
WYC43	690	704	707	711	715	718	721	724	727	739	755	758	761	764	767	771	774	777	784	115
WP15	788	802	805	809	813	816	819	822	825	837	853	856	859	862	865	869	872	875	882	121
WP09	886	900	903	907	911	914	917	920	923	935	951	954	957	960	963	967	970	973	980	110
OWW15	984	998	1001	1005	1009	1012	1015	1018	1021	1033	1049	1052	1055	1058	1061	1065	1068	1071	1078	120
WYM32	1082	1096	1099	1103	1107	1110	1113	1116	1119	1131	1147	1150	1153	1156	1159	1163	1166	1169	1176	145
AE120	1180	1194	1197	1201	1205	1208	1211	1214	1217	1229	1245	1248	1251	1254	1257	1261	1264	1267	1274	111
AE55	1278	1292	1295	1299	1303	1306	1309	1312	1315	1327	1343	1346	1349	1352	1355	1359	1362	1365	1372	142
BB74	1376	1390	1393	1397	1401	1404	1407	1410	1413	1425	1441	1444	1447	1450	1453	1457	1460	1463	1470	113
WYT04	1474	1488	1491	1495	1499	1502	1505	1508	1511	1523	1539	1542	1545	1548	1551	1555	1558	1561	1568	108
HW01	1572	1586	1589	1593	1597	1600	1603	1606	1609	1621	1637	1640	1643	1646	1649	1653	1656	1659	1666	159
WYT76	1670	1684	1687	1691	1695	1698	1701	1704	1707	1719	1735	1738	1741	1744	1747	1751	1754	1757	1764	113
WYC31	1768	1782	1785	1789	1793	1796	1799	1802	1805	1817	1833	1836	1839	1842	1845	1849	1852	1855	1862	151
WYM18	1866	1880	1883	1887	1891	1894	1897	1900	1903	1915	1931	1934	1937	1940	1943	1947	1950	1953	1960	121
AE109	1964	1978	1981	1985	1989	1992	1995	1998	2001	2013	2029	2032	2035	2038	2041	2045	2048	2051	2058	175
WYT34	2062	2076	2079	2083	2087	2090	2093	2096	2099	2111	2127	2130	2133	2136	2139	2143	2146	2149	2156	129
HW11	2160	2174	2177	2181	2185	2188	2191	2194	2197	2209	2225	2228	2231	2234	2237	2241	2244	2247	2254	134
WYT50	2258	2272	2275	2279	2283	2286	2289	2292	2295	2307	2323	2326	2329	2332	2335	2339	2342	2345	2352	123
WYT80	2356	2370	2373	2377	2381	2384	2387	2390	2393	2405	2421	2424	2427	2430	2433	2437	2440	2443	2450	110
BB33	2454	2468	2471	2475	2479	2482	2485	2488	2491	2503	2519	2522	2525	2528	2531	2535	2538	2541	2548	120
BB75	2552	2566	2569	2573	2577	2580	2583	2586	2589	2601	2617	2620	2623	2626	2629	2633	2636	2639	2646	112
BCW08	2650	2664	2667	2671	2675	2678	2681	2684	2687	2699	2715	2718	2721	2724	2727	2731	2734	2737	2744	94
BB12	2748	2762	2765	2769	2773	2776	2779	2782	2785	2797	2813	2816	2819	2822	2825	2829	2832	2835	2842	200
WYD07	2846	2860	2863	2867	2871	2874	2877	2880	2883	2895	2911	2914	2917	2920	2923	2927	2930	2933	2940	146
BB90	2944	2958	2961	2965	2969	2972	2975	2978	2981	2993	3009	3012	3015	3018	3021	3025	3028	3031	3038	92
PH24	3042	3056	3059	3063	3067	3070	3073	3076	3079	3091	3107	3110	3113	3116	3119	3123	3126	3129	3136	140
WYT96	3140	3154	3157	3161	3165	3168	3171	3174	3177	3189	3205	3208	3211	3214	3217	3221	3224	3227	3234	126
PH01	3238	3252	3255	3259	3263	3266	3269	3272	3275	3287	3303	3306	3309	3312	3315	3319	3322	3325	3332	150
AE86	3336	3350	3353	3357	3361	3364	3367	3370	3373	3385	3401	3404	3407	3410	3413	3417	3420	3423	3430	109
HW15	3434	3448	3451	3455	3459	3462	3465	3468	3471	3483	3499	3502	3505	3508	3511	3515	3518	3521	3528	196
WYM44	3532	3546	3549	3553	3557	3560	3563	3566	3569	3581	3597	3600	3603	3606	3609	3613	3616	3619	3626	104
WYM17	3630	3644	3647	3651	3655	3658	3661	3664	3667	3679	3695	3698	3701	3704	3707	3711	3714	3717	3724	114
WiW05	3728	3742	3745	3749	3753	3756	3759	3762	3765	3777	3793	3796	3799	3802	3805	3809	3812	3815	3822	127
BCW11	3826	3840	3843	3847	3851	3854	3857	3860	3863	3875	3891	3894	3897	3900	3903	3907	3910	3913	3920	143
AE167	3924	3938	3941	3945	3949	3952	3955	3958	3961	3973	3989	3992	3995	3998	4001	4005	4008	4011	4018	95
WYT73	4022	4036	4039	4043	4047	4050	4053	4056	4059	4071	4087	4090	4093	4096	4099	4103	4106	4109	4116	132
WiW48	4120	4134	4137	4141	4145	4148	4151	4154	4157	4169	4185	4188	4191	4194	4197	4201	4204	4207	4214	119
HW14	4218	4232	4235	4239	4243	4246	4249	4252	4255	4267	4283	4286	4289	4292	4295	4299	4302	4305	4312	173
BB02	4316	4330	4333	4337	4341	4344	4347	4350	4353	4365	4381	4384	4387	4390	4393	4397	4400	4403	4410	231
AE135	4414	4428	4431	4435	4439	4442	4445	4448	4451	4463	4479	4482	4485	4488	4491	4495	4498	4501	4508	128
WGP18	4512	4526	4529	4533	4537	4540	4543	4546	4549	4561	4577	4580	4583	4586	4589	4593	4596	4599	4606	136
WGP01	4610	4624	4627	4631	4635	4638	4641	4644	4647	4659	4675	4678	4681	4684	4687	4691	4694	4697	4704	130
BB20	4708	4722	4725	4729	4733	4736	4739	4742	4745	4757	4773	4776	4779	4782	4785	4789	4792	4795	4802	102
WYT14	4806	4820	4823	4827	4831	4834	4837	4840	4843	4855	4871	4874	4877	4880	4883	4887	4890	4893	4900	138
AE147	4904	4918	4921	4925	4929	4932	4935	4938	4941	4953	4969	4972	4975	4978	4981	4985	4988	4991	4998	161
WYT08	5002	5016	5019	5023	5027	5030	5033	5036	5039	5051	5067	5070	5073	5076	5079	5083	5086	5089	5096	97
WiW25	5100	5114	5117	5121	5125	5128	5131	5134	5137	5149	5165	5168	5171	5174	5177	5181	5184	5187	5194	133
SAC03	5198	5212	5215	5219	5223	5226	5229	5232	5235	5247	5263	5266	5269	5272	5275	5279	5282	5285	5292	150
WYM06	5296	5310	5313	5317	5321	5324	5327	5330	5333	5345	5361	5364	5367	5370	5373	5377	5380	5383	5390	173
BCW25	5394	5408	5411	5415	5419	5422	5425	5428	5431	5443	5459	5462	5465	5468	5471	5475	5478	5481	5488	147
WYT39	5492	5506	5509	5513	5517	5520	5523	5526	5529	5541	5557	5560	5563	5566	5569	5573	5576	5579	5586	125
WYT62	5590	5604	5607	5611	5615	5618	5621	5624	5627	5639	5655	5658	5661	5664	5667	5671	5674	5677	5684	109
WYM09	5688	5702	5705	5709	5713	5716	5719	5722	5725	5737	5753	5756	5759	5762	5765	5769	5772	5775	5782	127
LW05	5786	5800	5803	5807	5811	5814	5817	5820	5823	5835	5851	5854	5857	5860	5863	5867	5870	5873	5880	126
SAC08	5884	5898	5901	5905	5909	5912	5915	5918	5921	5933	5949	5952	5955	5958	5961	5965	5968	5971	5978	126
WYC27	5982	5996	5999	6003	6007	6010	6013	6016	6019	6031	6047	6050	6053	6056	6059	6063	6066	6069	6076	117
SP13	6080	6094	6097	6101	6105	6108	6111	6114	6117	6129	6145	6148	6151	6154	6157	6161	6164	6167	6174	139
WYT32	6178	6192	6195	6199	6203	6206	6209	6212	6215	6227	6243	6246	6249	6252	6255	6259	6262	6265	6272	136
AE152	6276	6290	6293	6297	6301	6304	6307	6310	6313	6325	6341	6344	6347	6350	6353	6357	6360	6363	6370	108
AE144	6374	6388	6391	6395	6399	6402	6405	6408	6411	6423	6439	6442	6445	6448	6451	6455	6458	6461	6468	161
BB70	6472	6486	6489	6493	6497	6500	6503	6506	6509	6521	6537	6540	6543	6546	6549	6553	6556	6559	6566	92
PH10	6570	6584	6587	6591	6595	6598	6601	6604	6607	6619	6635	6638	6641	6644	6647	6651	6654	6657	6664	129
WYC40	6668	6682	6685	6689	6693	6696	6699	6702	6705	6717	6733	6736	6739	6742	6745	6749	6752	6755	6762	109
WYD08	6766	6780	6783	6787	6791	6794	6797	6800	6803	6815	6831	6834	6837	6840	6843	6847	6850	6853	6860	121
BW23	6864	6878	6881	6885	6889	6892	6895	6898	6901	6913	6929	6932	6935	6938	6941	6945	6948	6951	6958	165
WYT103	6962	6976	6979	6983	6987	6990	6993	6996	6999	7011	7027	7030	7033	7036	7039	7043	7046	7049	7056	134
WYC34	7060	7074	7077	7081	7085	7088	7091	7094	7097	7109	7125	7128	7131	7134	7137	7141	7144	7147	7154	127
WYT49	7158	7172	7175	7179	7183	7186	7189	7192	7195	7207	7223	7226	7229	7232	7235	7239	7242	7245	7252	138
WiW20	7256	7270	7273	7277	7281	7284	7287	7290	7293	7305	7321	7324	7327	7330	7333	7337	7340	7343	7350	164
AE43	7354	7368	7371	7375	7379	7382	7385	7388	7391	7403	7419	7422	7425	7428	7431	7435	7438	7441	7448	136
PH16	7452	7466	7469	7473	7477	7480	7483	7486	7489	7501	7517	7520	7523	7526	7529	7533	7536	7539	7546	126
AE161	7550	7564	7567	7571	7575	7578	7581	7584	7587	7599	7615	7618	7621	7624	7627	7631	7634	7637	7644	95
AE63	7648	7662	7665	7669	7673	7676	7679	7682	7685	7697	7713	7716	7719	7722	7725	7729	7732	7735	7742	136
WYM31	7746	7760	7763	7767	7771	7774	7777	7780	7783	7795	7811	7814	7817	7820	7823	7827	7830	7833	7840	135
BW06	7844	7858	7861	7865	7869	7872	7875	7878	7881	7893	7909	7912	7915	7918	7921	7925	7928	7931	7938	150
WiW03	7942	7956	7959	7963	7967	7970	7973	7976	7979	7991	8007	8010	8013	8016	8019	8023	8026	8029	8036	136
AE154	8040	8054	8057	8061	8065	8068	8071	8074	8077	8089	8105	8108	8111	8114	8117	8121	8124	8127	8134	85
AE38	8138	8152	8155	8159	8163	8166	8169	8172	8175	8187	8203	8206	8209	8212	8215	8219	8222	8225	8232	119
OWW07	8236	8250	8253	8257	8261	8264	8267	8270	8273	8285	8301	8304	8307	8310	8313	8317	8320	8323	8330	121
WYM11	8334	8348	8351	8355	8359	8362	8365	8368	8371	8383	8399	8402	8405	8408	8411	8415	8418	8421	8428	158
AE163	8432	8446	8449	8453	8457	8460	8463	8466	8469	8481	8497	8500	8503	8506	8509	8513	8516	8519	8526	105
BCW26	8530	8544	8547	8551	8555	8558	8561	8564	8567	8579	8595	8598	8601	8604	8607	8611	8614	8617	8624	145
AE69	8628	8642	8645	8649	8653	8656	8659	8662	8665	8677	8693	8696	8699	8702	8705	8709	8712	8715	8722	114
PH22	8726	8740	8743	8747	8751	8754	8757	8760	8763	8775	8791	8794	8797	8800	8803	8807	8810	8813	8820	152
BB44	8824	8838	8841	8845	8849	8852	8855	8858	8861	8873	8889	8892	8895	8898	8901	8905	8908	8911	8918	123
AE94	8922	8936	8939	8943	8947	8950	8953	8956	8959	8971	8987	8990	8993	8996	8999	9003	9006	9009	9016	101
WYT105	9020	9034	9037	9041	9045	9048	9051	9054	9057	9069	9085	9088	9091	9094	9097	9101	9104	9107	9114	113
WYT45	9118	9132	9135	9139	9143	9146	9149	9152	9155	9167	9183	9186	9189	9192	9195	9199	9202	9205	9212	102
WYT24	9216	9230	9233	9237	9241	9244	9247	9250	9253	9265	9281	9284	9287	9290	9293	9297	9300	9303	9310	149
WiW36	9314	9328	9331	9335	9339	9342	9345	9348	9351	9363	9379	9382	9385	9388	9391	9395	9398	9401	9408	101
BCW15	9412	9426	9429	9433	9437	9440	9443	9446	9449	9461	9477	9480	9483	9486	9489	9493	9496	9499	9506	143
SAC07	9510	9524	9527	9531	9535	9538	9541	9544	9547	9559	9575	9578	9581	9584	9587	9591	9594	9597	9604	104
PH06	9608	9622	9625	9629	9633	9636	9639	9642	9645	9657	9673	9676	9679	9682	9685	9689	9692	9695	9702	149
WiW50	9706	9720	9723	9727	9731	9734	9737	9740	9743	9755	9771	9774	9777	9780	9783	9787	9790	9793	9800	134
AE78	9804	9818	9821	9825	9829	9832	9835	9838	9841	9853	9869	9872	9875	9878	9881	9885	9888	9891	9898	124
AE03	9902	9916	9919	9923	9927	9930	9933	9936	9939	9951	9967	9970	9973	9976	9979	9983	9986	9989	9996	152
WYT38	10000	10014	10017	10021	10025	10028	10031	10034	10037	10049	10065	10068	10071	10074	10077	10081	10084	10087	10094	116
AE146	10098	10112	10115	10119	10123	10126	10129	10132	10135	10147	10163	10166	10169	10172	10175	10179	10182	10185	10192	138
WF02	10196	10210	10213	10217	10221	10224	10227	10230	10233	10245	10261	10264	10267	10270	10273	10277	10280	10283	10290	105
WYC09	10294	10308	10311	10315	10319	10322	10325	10328	10331	10343	10359	10362	10365	10368	10371	10375	10378	10381	10388	112
WYM04	10392	10406	10409	10413	10417	10420	10423	10426	10429	10441	10457	10460	10463	10466	10469	10473	10476	10479	10486	137
AE45	10490	10504	10507	10511	10515	10518	10521	10524	10527	10539	10555	10558	10561	10564	10567	10571	10574	10577	10584	138
WYT69	10588	10602	10605	10609	10613	10616	10619	10622	10625	10637	10653	10656	10659	10662	10665	10669	10672	10675	10682	109
HW13	10686	10700	10703	10707	10711	10714	10717	10720	10723	10735	10751	10754	10757	10760	10763	10767	10770	10773	10780	164
SP16	10784	10798	10801	10805	10809	10812	10815	10818	10821	10833	10849	10852	10855	10858	10861	10865	10868	10871	10878	138
WYT52	10882	10896	10899	10903	10907	10910	10913	10916	10919	10931	10947	10950	10953	10956	10959	10963	10966	10969	10976	119
WP13	10980	10994	10997	11001	11005	11008	11011	11014	11017	11029	11045	11048	11051	11054	11057	11061	11064	11067	11074	109
BB68	11078	11092	11095	11099	11103	11106	11109	11112	11115	11127	11143	11146	11149	11152	11155	11159	11162	11165	11172	85
WYT85	11176	11190	11193	11197	11201	11204	11207	11210	11213	11225	11241	11244	11247	11250	11253	11257	11260	11263	11270	141
WYT25	11274	11288	11291	11295	11299	11302	11305	11308	11311	11323	11339	11342	11345	11348	11351	11355	11358	11361	11368	114
AE02	11372	11386	11389	11393	11397	11400	11403	11406	11409	11421	11437	11440	11443	11446	11449	11453	11456	11459	11466	143
BB53	11470	11484	11487	11491	11495	11498	11501	11504	11507	11519	11535	11538	11541	11544	11547	11551	11554	11557	11564	85
BW13	11568	11582	11585	11589	11593	11596	11599	11602	11605	11617	11633	11636	11639	11642	11645	11649	11652	11655	11662	137
BB08	11666	11680	11683	11687	11691	11694	11697	11700	11703	11715	11731	11734	11737	11740	11743	11747	11750	11753	11760	180
PH21	11764	11778	11781	11785	11789	11792	11795	11798	11801	11813	11829	11832	11835	11838	11841	11845	11848	11851	11858	167
WiW45	11862	11876	11879	11883	11887	11890	11893	11896	11899	11911	11927	11930	11933	11936	11939	11943	11946	11949	11956	133
WYT01	11960	11974	11977	11981	11985	11988	11991	11994	11997	12009	12025	12028	12031	12034	12037	12041	12044	12047	12054	121
BW14	12058	12072	12075	12079	12083	12086	12089	12092	12095	12107	12123	12126	12129	12132	12135	12139	12142	12145	12152	150
WYM20	12156	12170	12173	12177	12181	12184	12187	12190	12193	12205	12221	12224	12227	12230	12233	12237	12240	12243	12250	132
BW15	12254	12268	12271	12275	12279	12282	12285	12288	12291	12303	12319	12322	12325	12328	12331	12335	12338	12341	12348	172
WYC17	12352	12366	12369	12373	12377	12380	12383	12386	12389	12401	12417	12420	12423	12426	12429	12433	12436	12439	12446	118
BCW13	12450	12464	12467	12471	12475	12478	12481	12484	12487	12499	12515	12518	12521	12524	12527	12531	12534	12537	12544	135
WYM12	12548	12562	12565	12569	12573	12576	12579	12582	12585	12597	12613	12616	12619	12622	12625	12629	12632	12635	12642	156
LW01	12646	12660	12663	12667	12671	12674	12677	12680	12683	12695	12711	12714	12717	12720	12723	12727	12730	12733	12740	175
AE96	12744	12758	12761	12765	12769	12772	12775	12778	12781	12793	12809	12812	12815	12818	12821	12825	12828	12831	12838	116
SP11	12842	12856	12859	12863	12867	12870	12873	12876	12879	12891	12907	12910	12913	12916	12919	12923	12926	12929	12936	143
WiW55	12940	12954	12957	12961	12965	12968	12971	12974	12977	12989	13005	13008	13011	13014	13017	13021	13024	13027	13034	131
AE04	13038	13052	13055	13059	13063	13066	13069	13072	13075	13087	13103	13106	13109	13112	13115	13119	13122	13125	13132	144
WEL15	13136	13150	13153	13157	13161	13164	13167	13170	13173	13185	13201	13204	13207	13210	13213	13217	13220	13223	13230	92
AE150	13234	13248	13251	13255	13259	13262	13265	13268	13271	13283	13299	13302	13305	13308	13311	13315	13318	13321	13328	176
WGP05	13332	13346	13349	13353	13357	13360	13363	13366	13369	13381	13397	13400	13403	13406	13409	13413	13416	13419	13426	141
WEL16	13430	13444	13447	13451	13455	13458	13461	13464	13467	13479	13495	13498	13501	13504	13507	13511	13514	13517	13524	117
AE83	13528	13542	13545	13549	13553	13556	13559	13562	13565	13577	13593	13596	13599	13602	13605	13609	13612	13615	13622	132
AE44	13626	13640	13643	13647	13651	13654	13657	13660	13663	13675	13691	13694	13697	13700	13703	13707	13710	13713	13720	144
BCW23	13724	13738	13741	13745	13749	13752	13755	13758	13761	13773	13789	13792	13795	13798	13801	13805	13808	13811	13818	97
AE102	13822	13836	13839	13843	13847	13850	13853	13856	13859	13871	13887	13890	13893	13896	13899	13903	13906	13909	13916	135
WEL24	13920	13934	13937	13941	13945	13948	13951	13954	13957	13969	13985	13988	13991	13994	13997	14001	14004	14007	14014	174
SP14	14018	14032	14035	14039	14043	14046	14049	14052	14055	14067	14083	14086	14089	14092	14095	14099	14102	14105	14112	151
AE06	14116	14130	14133	14137	14141	14144	14147	14150	14153	14165	14181	14184	14187	14190	14193	14197	14200	14203	14210	138
BB34	14214	14228	14231	14235	14239	14242	14245	14248	14251	14263	14279	14282	14285	14288	14291	14295	14298	14301	14308	158
WYT07	14312	14326	14329	14333	14337	14340	14343	14346	14349	14361	14377	14380	14383	14386	14389	14393	14396	14399	14406	124
AE15	14410	14424	14427	14431	14435	14438	14441	14444	14447	14459	14475	14478	14481	14484	14487	14491	14494	14497	14504	147
BCW20	14508	14522	14525	14529	14533	14536	14539	14542	14545	14557	14573	14576	14579	14582	14585	14589	14592	14595	14602	111
AE21	14606	14620	14623	14627	14631	14634	14637	14640	14643	14655	14671	14674	14677	14680	14683	14687	14690	14693	14700	162
AE57	14704	14718	14721	14725	14729	14732	14735	14738	14741	14753	14769	14772	14775	14778	14781	14785	14788	14791	14798	149
WYD03	14802	14816	14819	14823	14827	14830	14833	14836	14839	14851	14867	14870	14873	14876	14879	14883	14886	14889	14896	149
BB72	14900	14914	14917	14921	14925	14928	14931	14934	14937	14949	14965	14968	14971	14974	14977	14981	14984	14987	14994	110
WYD01	14998	15012	15015	15019	15023	15026	15029	15032	15035	15047	15063	15066	15069	15072	15075	15079	15082	15085	15092	150
WYC03	15096	15110	15113	15117	15121	15124	15127	15130	15133	15145	15161	15164	15167	15170	15173	15177	15180	15183	15190	144
WYC06	15194	15208	15211	15215	15219	15222	15225	15228	15231	15243	15259	15262	15265	15268	15271	15275	15278	15281	15288	120
WiW22	15292	15306	15309	15313	15317	15320	15323	15326	15329	15341	15357	15360	15363	15366	15369	15373	15376	15379	15386	113
AE51	15390	15404	15407	15411	15415	15418	15421	15424	15427	15439	15455	15458	15461	15464	15467	15471	15474	15477	15484	122
AE37	15488	15502	15505	15509	15513	15516	15519	15522	15525	15537	15553	15556	15559	15562	15565	15569	15572	15575	15582	135
AE81	15586	15600	15603	15607	15611	15614	15617	15620	15623	15635	15651	15654	15657	15660	15663	15667	15670	15673	15680	144
WGP02	15684	15698	15701	15705	15709	15712	15715	15718	15721	15733	15749	15752	15755	15758	15761	15765	15768	15771	15778	143
SNG02	15782	15796	15799	15803	15807	15810	15813	15816	15819	15831	15847	15850	15853	15856	15859	15863	15866	15869	15876	161
WYT91	15880	15894	15897	15901	15905	15908	15911	15914	15917	15929	15945	15948	15951	15954	15957	15961	15964	15967	15974	117
BB76	15978	15992	15995	15999	16003	16006	16009	16012	16015	16027	16043	16046	16049	16052	16055	16059	16062	16065	16072	79
BCW17	16076	16090	16093	16097	16101	16104	16107	16110	16113	16125	16141	16144	16147	16150	16153	16157	16160	16163	16170	93
BW03	16174	16188	16191	16195	16199	16202	16205	16208	16211	16223	16239	16242	16245	16248	16251	16255	16258	16261	16268	163
BB36	16272	16286	16289	16293	16297	16300	16303	16306	16309	16321	16337	16340	16343	16346	16349	16353	16356	16359	16366	103
BB49	16370	16384	16387	16391	16395	16398	16401	16404	16407	16419	16435	16438	16441	16444	16447	16451	16454	16457	16464	150
OWW06	16468	16482	16485	16489	16493	16496	16499	16502	16505	16517	16533	16536	16539	16542	16545	16549	16552	16555	16562	137
AE56	16566	16580	16583	16587	16591	16594	16597	16600	16603	16615	16631	16634	16637	16640	16643	16647	16650	16653	16660	171
WP10	16664	16678	16681	16685	16689	16692	16695	16698	16701	16713	16729	16732	16735	16738	16741	16745	16748	16751	16758	111
WGP04	16762	16776	16779	16783	16787	16790	16793	16796	16799	16811	16827	16830	16833	16836	16839	16843	16846	16849	16856	104
AE09	16860	16874	16877	16881	16885	16888	16891	16894	16897	16909	16925	16928	16931	16934	16937	16941	16944	16947	16954	146
OWW10	16958	16972	16975	16979	16983	16986	16989	16992	16995	17007	17023	17026	17029	17032	17035	17039	17042	17045	17052	91
WiW37	17056	17070	17073	17077	17081	17084	17087	17090	17093	17105	17121	17124	17127	17130	17133	17137	17140	17143	17150	109
WYT79	17154	17168	17171	17175	17179	17182	17185	17188	17191	17203	17219	17222	17225	17228	17231	17235	17238	17241	17248	120
WiW57	17252	17266	17269	17273	17277	17280	17283	17286	17289	17301	17317	17320	17323	17326	17329	17333	17336	17339	17346	99
WYT57	17350	17364	17367	17371	17375	17378	17381	17384	17387	17399	17415	17418	17421	17424	17427	17431	17434	17437	17444	119
WiW26	17448	17462	17465	17469	17473	17476	17479	17482	17485	17497	17513	17516	17519	17522	17525	17529	17532	17535	17542	95
WYT27	17546	17560	17563	17567	17571	17574	17577	17580	17583	17595	17611	17614	17617	17620	17623	17627	17630	17633	17640	114
AE73	17644	17658	17661	17665	17669	17672	17675	17678	17681	17693	17709	17712	17715	17718	17721	17725	17728	17731	17738	131
WYT16	17742	17756	17759	17763	17767	17770	17773	17776	17779	17791	17807	17810	17813	17816	17819	17823	17826	17829	17836	111
SAC13	17840	17854	17857	17861	17865	17868	17871	17874	17877	17889	17905	17908	17911	17914	17917	17921	17924	17927	17934	176
PH20	17938	17952	17955	17959	17963	17966	17969	17972	17975	17987	18003	18006	18009	18012	18015	18019	18022	18025	18032	111
WYT33	18036	18050	18053	18057	18061	18064	18067	18070	18073	18085	18101	18104	18107	18110	18113	18117	18120	18123	18130	133
WP05	18134	18148	18151	18155	18159	18162	18165	18168	18171	18183	18199	18202	18205	18208	18211	18215	18218	18221	18228	177
WiW27	18232	18246	18249	18253	18257	18260	18263	18266	18269	18281	18297	18300	18303	18306	18309	18313	18316	18319	18326	97
WYM35	18330	18344	18347	18351	18355	18358	18361	18364	18367	18379	18395	18398	18401	18404	18407	18411	18414	18417	18424	115
WYT29	18428	18442	18445	18449	18453	18456	18459	18462	18465	18477	18493	18496	18499	18502	18505	18509	18512	18515	18522	124
WEL08	18526	18540	18543	18547	18551	18554	18557	18560	18563	18575	18591	18594	18597	18600	18603	18607	18610	18613	18620	200
WYC24	18624	18638	18641	18645	18649	18652	18655	18658	18661	18673	18689	18692	18695	18698	18701	18705	18708	18711	18718	101
AE11	18722	18736	18739	18743	18747	18750	18753	18756	18759	18771	18787	18790	18793	18796	18799	18803	18806	18809	18816	157
BB43	18820	18834	18837	18841	18845	18848	18851	18854	18857	18869	18885	18888	18891	18894	18897	18901	18904	18907	18914	123
BWd01	18918	18932	18935	18939	18943	18946	18949	18952	18955	18967	18983	18986	18989	18992	18995	18999	19002	19005	19012	138
WiW07	19016	19030	19033	19037	19041	19044	19047	19050	19053	19065	19081	19084	19087	19090	19093	19097	19100	19103	19110	139
WYD05	19114	19128	19131	19135	19139	19142	19145	19148	19151	19163	19179	19182	19185	19188	19191	19195	19198	19201	19208	137
AE35	19212	19226	19229	19233	19237	19240	19243	19246	19249	19261	19277	19280	19283	19286	19289	19293	19296	19299	19306	138
WiW32	19310	19324	19327	19331	19335	19338	19341	19344	19347	19359	19375	19378	19381	19384	19387	19391	19394	19397	19404	103
AE72	19408	19422	19425	19429	19433	19436	19439	19442	19445	19457	19473	19476	19479	19482	19485	19489	19492	19495	19502	143
WYC35	19506	19520	19523	19527	19531	19534	19537	19540	19543	19555	19571	19574	19577	19580	19583	19587	19590	19593	19600	109
AE49	19604	19618	19621	19625	19629	19632	19635	19638	19641	19653	19669	19672	19675	19678	19681	19685	19688	19691	19698	136
BB14	19702	19716	19719	19723	19727	19730	19733	19736	19739	19751	19767	19770	19773	19776	19779	19783	19786	19789	19796	174
SAC12	19800	19814	19817	19821	19825	19828	19831	19834	19837	19849	19865	19868	19871	19874	19877	19881	19884	19887	19894	175
AE08	19898	19912	19915	19919	19923	19926	19929	19932	19935	19947	19963	19966	19969	19972	19975	19979	19982	19985	19992	146
BB05	19996	20010	20013	20017	20021	20024	20027	20030	20033	20045	20061	20064	20067	20070	20073	20077	20080	20083	20090	192
WYC12	20094	20108	20111	20115	20119	20122	20125	20128	20131	20143	20159	20162	20165	20168	20171	20175	20178	20181	20188	123
OWW05	20192	20206	20209	20213	20217	20220	20223	20226	20229	20241	20257	20260	20263	20266	20269	20273	20276	20279	20286	153
HW04	20290	20304	20307	20311	20315	20318	20321	20324	20327	20339	20355	20358	20361	20364	20367	20371	20374	20377	20384	184
AE115	20388	20402	20405	20409	20413	20416	20419	20422	20425	20437	20453	20456	20459	20462	20465	20469	20472	20475	20482	151
PH05	20486	20500	20503	20507	20511	20514	20517	20520	20523	20535	20551	20554	20557	20560	20563	20567	20570	20573	20580	132
WiW54	20584	20598	20601	20605	20609	20612	20615	20618	20621	20633	20649	20652	20655	20658	20661	20665	20668	20671	20678	108
WYT78	20682	20696	20699	20703	20707	20710	20713	20716	20719	20731	20747	20750	20753	20756	20759	20763	20766	20769	20776	131
WYT110	20780	20794	20797	20801	20805	20808	20811	20814	20817	20829	20845	20848	20851	20854	20857	20861	20864	20867	20874	134
BB71	20878	20892	20895	20899	20903	20906	20909	20912	20915	20927	20943	20946	20949	20952	20955	20959	20962	20965	20972	95
AE32	20976	20990	20993	20997	21001	21004	21007	21010	21013	21025	21041	21044	21047	21050	21053	21057	21060	21063	21070	134
AE13	21074	21088	21091	21095	21099	21102	21105	21108	21111	21123	21139	21142	21145	21148	21151	21155	21158	21161	21168	170
AE25	21172	21186	21189	21193	21197	21200	21203	21206	21209	21221	21237	21240	21243	21246	21249	21253	21256	21259	21266	146
BB80	21270	21284	21287	21291	21295	21298	21301	21304	21307	21319	21335	21338	21341	21344	21347	21351	21354	21357	21364	108
WYM38	21368	21382	21385	21389	21393	21396	21399	21402	21405	21417	21433	21436	21439	21442	21445	21449	21452	21455	21462	96
WYC22	21466	21480	21483	21487	21491	21494	21497	21500	21503	21515	21531	21534	21537	21540	21543	21547	21550	21553	21560	97
AE149	21564	21578	21581	21585	21589	21592	21595	21598	21601	21613	21629	21632	21635	21638	21641	21645	21648	21651	21658	155
OWW13	21662	21676	21679	21683	21687	21690	21693	21696	21699	21711	21727	21730	21733	21736	21739	21743	21746	21749	21756	123
AE125	21760	21774	21777	21781	21785	21788	21791	21794	21797	21809	21825	21828	21831	21834	21837	21841	21844	21847	21854	99
WYT84	21858	21872	21875	21879	21883	21886	21889	21892	21895	21907	21923	21926	21929	21932	21935	21939	21942	21945	21952	140
WiW08	21956	21970	21973	21977	21981	21984	21987	21990	21993	22005	22021	22024	22027	22030	22033	22037	22040	22043	22050	141
WYD11	22054	22068	22071	22075	22079	22082	22085	22088	22091	22103	22119	22122	22125	22128	22131	22135	22138	22141	22148	151
BCW24	22152	22166	22169	22173	22177	22180	22183	22186	22189	22201	22217	22220	22223	22226	22229	22233	22236	22239	22246	140
WiW12	22250	22264	22267	22271	22275	22278	22281	22284	22287	22299	22315	22318	22321	22324	22327	22331	22334	22337	22344	142
OWW11	22348	22362	22365	22369	22373	22376	22379	22382	22385	22397	22413	22416	22419	22422	22425	22429	22432	22435	22442	129
AE62	22446	22460	22463	22467	22471	22474	22477	22480	22483	22495	22511	22514	22517	22520	22523	22527	22530	22533	22540	142
WGP15	22544	22558	22561	22565	22569	22572	22575	22578	22581	22593	22609	22612	22615	22618	22621	22625	22628	22631	22638	168
WYT53	22642	22656	22659	22663	22667	22670	22673	22676	22679	22691	22707	22710	22713	22716	22719	22723	22726	22729	22736	131
AE169	22740	22754	22757	22761	22765	22768	22771	22774	22777	22789	22805	22808	22811	22814	22817	22821	22824	22827	22834	113
HW05	22838	22852	22855	22859	22863	22866	22869	22872	22875	22887	22903	22906	22909	22912	22915	22919	22922	22925	22932	162
BB77	22936	22950	22953	22957	22961	22964	22967	22970	22973	22985	23001	23004	23007	23010	23013	23017	23020	23023	23030	90
WGP07	23034	23048	23051	23055	23059	23062	23065	23068	23071	23083	23099	23102	23105	23108	23111	23115	23118	23121	23128	125
OWW16	23132	23146	23149	23153	23157	23160	23163	23166	23169	23181	23197	23200	23203	23206	23209	23213	23216	23219	23226	147
BB26	23230	23244	23247	23251	23255	23258	23261	23264	23267	23279	23295	23298	23301	23304	23307	23311	23314	23317	23324	98
WiW13	23328	23342	23345	23349	23353	23356	23359	23362	23365	23377	23393	23396	23399	23402	23405	23409	23412	23415	23422	159
AE16	23426	23440	23443	23447	23451	23454	23457	23460	23463	23475	23491	23494	23497	23500	23503	23507	23510	23513	23520	199
WEL17	23524	23538	23541	23545	23549	23552	23555	23558	23561	23573	23589	23592	23595	23598	23601	23605	23608	23611	23618	141
WP16	23622	23636	23639	23643	23647	23650	23653	23656	23659	23671	23687	23690	23693	23696	23699	23703	23706	23709	23716	118
WEL02	23720	23734	23737	23741	23745	23748	23751	23754	23757	23769	23785	23788	23791	23794	23797	23801	23804	23807	23814	236
WYM34	23818	23832	23835	23839	23843	23846	23849	23852	23855	23867	23883	23886	23889	23892	23895	23899	23902	23905	23912	141
WYT19	23916	23930	23933	23937	23941	23944	23947	23950	23953	23965	23981	23984	23987	23990	23993	23997	24000	24003	24010	130
BCW19	24014	24028	24031	24035	24039	24042	24045	24048	24051	24063	24079	24082	24085	24088	24091	24095	24098	24101	24108	87
WYT23	24112	24126	24129	24133	24137	24140	24143	24146	24149	24161	24177	24180	24183	24186	24189	24193	24196	24199	24206	153
AE67	24210	24224	24227	24231	24235	24238	24241	24244	24247	24259	24275	24278	24281	24284	24287	24291	24294	24297	24304	140
WYT114	24308	24322	24325	24329	24333	24336	24339	24342	24345	24357	24373	24376	24379	24382	24385	24389	24392	24395	24402	103
AE134	24406	24420	24423	24427	24431	24434	24437	24440	24443	24455	24471	24474	24477	24480	24483	24487	24490	24493	24500	120
AE173	24504	24518	24521	24525	24529	24532	24535	24538	24541	24553	24569	24572	24575	24578	24581	24585	24588	24591	24598	71
WYT60	24602	24616	24619	24623	24627	24630	24633	24636	24639	24651	24667	24670	24673	24676	24679	24683	24686	24689	24696	129
WYC20	24700	24714	24717	24721	24725	24728	24731	24734	24737	24749	24765	24768	24771	24774	24777	24781	24784	24787	24794	114
WiW56	24798	24812	24815	24819	24823	24826	24829	24832	24835	24847	24863	24866	24869	24872	24875	24879	24882	24885	24892	120
AE31	24896	24910	24913	24917	24921	24924	24927	24930	24933	24945	24961	24964	24967	24970	24973	24977	24980	24983	24990	130
SAC14	24994	25008	25011	25015	25019	25022	25025	25028	25031	25043	25059	25062	25065	25068	25071	25075	25078	25081	25088	162
LW07	25092	25106	25109	25113	25117	25120	25123	25126	25129	25141	25157	25160	25163	25166	25169	25173	25176	25179	25186	165
AE178	25190	25204	25207	25211	25215	25218	25221	25224	25227	25239	25255	25258	25261	25264	25267	25271	25274	25277	25284	160
WF07	25288	25302	25305	25309	25313	25316	25319	25322	25325	25337	25353	25356	25359	25362	25365	25369	25372	25375	25382	161
AE90	25386	25400	25403	25407	25411	25414	25417	25420	25423	25435	25451	25454	25457	25460	25463	25467	25470	25473	25480	124
WYC11	25484	25498	25501	25505	25509	25512	25515	25518	25521	25533	25549	25552	25555	25558	25561	25565	25568	25571	25578	131
WiW44	25582	25596	25599	25603	25607	25610	25613	25616	25619	25631	25647	25650	25653	25656	25659	25663	25666	25669	25676	100
SP12	25680	25694	25697	25701	25705	25708	25711	25714	25717	25729	25745	25748	25751	25754	25757	25761	25764	25767	25774	145
AE131	25778	25792	25795	25799	25803	25806	25809	25812	25815	25827	25843	25846	25849	25852	25855	25859	25862	25865	25872	101
WiW23	25876	25890	25893	25897	25901	25904	25907	25910	25913	25925	25941	25944	25947	25950	25953	25957	25960	25963	25970	164
WYT56	25974	25988	25991	25995	25999	26002	26005	26008	26011	26023	26039	26042	26045	26048	26051	26055	26058	26061	26068	119
WYC07	26072	26086	26089	26093	26097	26100	26103	26106	26109	26121	26137	26140	26143	26146	26149	26153	26156	26159	26166	115
WGP19	26170	26184	26187	26191	26195	26198	26201	26204	26207	26219	26235	26238	26241	26244	26247	26251	26254	26257	26264	109
AE85	26268	26282	26285	26289	26293	26296	26299	26302	26305	26317	26333	26336	26339	26342	26345	26349	26352	26355	26362	138
SP17	26366	26380	26383	26387	26391	26394	26397	26400	26403	26415	26431	26434	26437	26440	26443	26447	26450	26453	26460	128
BW19	26464	26478	26481	26485	26489	26492	26495	26498	26501	26513	26529	26532	26535	26538	26541	26545	26548	26551	26558	136
WYM37	26562	26576	26579	26583	26587	26590	26593	26596	26599	26611	26627	26630	26633	26636	26639	26643	26646	26649	26656	125
PH18	26660	26674	26677	26681	26685	26688	26691	26694	26697	26709	26725	26728	26731	26734	26737	26741	26744	26747	26754	152
WGP12	26758	26772	26775	26779	26783	26786	26789	26792	26795	26807	26823	26826	26829	26832	26835	26839	26842	26845	26852	147
WYM08	26856	26870	26873	26877	26881	26884	26887	26890	26893	26905	26921	26924	26927	26930	26933	26937	26940	26943	26950	151
PH17	26954	26968	26971	26975	26979	26982	26985	26988	26991	27003	27019	27022	27025	27028	27031	27035	27038	27041	27048	144
BB07	27052	27066	27069	27073	27077	27080	27083	27086	27089	27101	27117	27120	27123	27126	27129	27133	27136	27139	27146	187
BB11	27150	27164	27167	27171	27175	27178	27181	27184	27187	27199	27215	27218	27221	27224	27227	27231	27234	27237	27244	158
AE65	27248	27262	27265	27269	27273	27276	27279	27282	27285	27297	27313	27316	27319	27322	27325	27329	27332	27335	27342	114
AE18	27346	27360	27363	27367	27371	27374	27377	27380	27383	27395	27411	27414	27417	27420	27423	27427	27430	27433	27440	111
BB56	27444	27458	27461	27465	27469	27472	27475	27478	27481	27493	27509	27512	27515	27518	27521	27525	27528	27531	27538	111
BB69	27542	27556	27559	27563	27567	27570	27573	27576	27579	27591	27607	27610	27613	27616	27619	27623	27626	27629	27636	105
AE158	27640	27654	27657	27661	27665	27668	27671	27674	27677	27689	27705	27708	27711	27714	27717	27721	27724	27727	27734	110
WYT37	27738	27752	27755	27759	27763	27766	27769	27772	27775	27787	27803	27806	27809	27812	27815	27819	27822	27825	27832	109
BB04	27836	27850	27853	27857	27861	27864	27867	27870	27873	27885	27901	27904	27907	27910	27913	27917	27920	27923	27930	158
HW16	27934	27948	27951	27955	27959	27962	27965	27968	27971	27983	27999	28002	28005	28008	28011	28015	28018	28021	28028	152
WiW40	28032	28046	28049	28053	28057	28060	28063	28066	28069	28081	28097	28100	28103	28106	28109	28113	28116	28119	28126	87
BW20	28130	28144	28147	28151	28155	28158	28161	28164	28167	28179	28195	28198	28201	28204	28207	28211	28214	28217	28224	135
AE71	28228	28242	28245	28249	28253	28256	28259	28262	28265	28277	28293	28296	28299	28302	28305	28309	28312	28315	28322	124
WGP06	28326	28340	28343	28347	28351	28354	28357	28360	28363	28375	28391	28394	28397	28400	28403	28407	28410	28413	28420	156
WYC19	28424	28438	28441	28445	28449	28452	28455	28458	28461	28473	28489	28492	28495	28498	28501	28505	28508	28511	28518	107
BW22	28522	28536	28539	28543	28547	28550	28553	28556	28559	28571	28587	28590	28593	28596	28599	28603	28606	28609	28616	156
AE60	28620	28634	28637	28641	28645	28648	28651	28654	28657	28669	28685	28688	28691	28694	28697	28701	28704	28707	28714	150
AE174	28718	28732	28735	28739	28743	28746	28749	28752	28755	28767	28783	28786	28789	28792	28795	28799	28802	28805	28812	102
PH14	28816	28830	28833	28837	28841	28844	28847	28850	28853	28865	28881	28884	28887	28890	28893	28897	28900	28903	28910	138
WEL14	28914	28928	28931	28935	28939	28942	28945	28948	28951	28963	28979	28982	28985	28988	28991	28995	28998	29001	29008	201
WEL05	29012	29026	29029	29033	29037	29040	29043	29046	29049	29061	29077	29080	29083	29086	29089	29093	29096	29099	29106	201
BW10	29110	29124	29127	29131	29135	29138	29141	29144	29147	29159	29175	29178	29181	29184	29187	29191	29194	29197	29204	169
BB23	29208	29222	29225	29229	29233	29236	29239	29242	29245	29257	29273	29276	29279	29282	29285	29289	29292	29295	29302	114
BWd04	29306	29320	29323	29327	29331	29334	29337	29340	29343	29355	29371	29374	29377	29380	29383	29387	29390	29393	29400	123
AE36	29404	29418	29421	29425	29429	29432	29435	29438	29441	29453	29469	29472	29475	29478	29481	29485	29488	29491	29498	129
WEL23	29502	29516	29519	29523	29527	29530	29533	29536	29539	29551	29567	29570	29573	29576	29579	29583	29586	29589	29596	160
HW09	29600	29614	29617	29621	29625	29628	29631	29634	29637	29649	29665	29668	29671	29674	29677	29681	29684	29687	29694	177
WYT22	29698	29712	29715	29719	29723	29726	29729	29732	29735	29747	29763	29766	29769	29772	29775	29779	29782	29785	29792	145
BW16	29796	29810	29813	29817	29821	29824	29827	29830	29833	29845	29861	29864	29867	29870	29873	29877	29880	29883	29890	160
WYC05	29894	29908	29911	29915	29919	29922	29925	29928	29931	29943	29959	29962	29965	29968	29971	29975	29978	29981	29988	127
AE74	29992	30006	30009	30013	30017	30020	30023	30026	30029	30041	30057	30060	30063	30066	30069	30073	30076	30079	30086	147
BWd03	30090	30104	30107	30111	30115	30118	30121	30124	30127	30139	30155	30158	30161	30164	30167	30171	30174	30177	30184	131
BWd07	30188	30202	30205	30209	30213	30216	30219	30222	30225	30237	30253	30256	30259	30262	30265	30269	30272	30275	30282	131
WGP10	30286	30300	30303	30307	30311	30314	30317	30320	30323	30335	30351	30354	30357	30360	30363	30367	30370	30373	30380	168
BB06	30384	30398	30401	30405	30409	30412	30415	30418	30421	30433	30449	30452	30455	30458	30461	30465	30468	30471	30478	176
PH19	30482	30496	30499	30503	30507	30510	30513	30516	30519	30531	30547	30550	30553	30556	30559	30563	30566	30569	30576	108
AE80	30580	30594	30597	30601	30605	30608	30611	30614	30617	30629	30645	30648	30651	30654	30657	30661	30664	30667	30674	140
WYM01	30678	30692	30695	30699	30703	30706	30709	30712	30715	30727	30743	30746	30749	30752	30755	30759	30762	30765	30772	118
WEL12	30776	30790	30793	30797	30801	30804	30807	30810	30813	30825	30841	30844	30847	30850	30853	30857	30860	30863	30870	106
BB81	30874	30888	30891	30895	30899	30902	30905	30908	30911	30923	30939	30942	30945	30948	30951	30955	30958	30961	30968	120
BW04	30972	30986	30989	30993	30997	31000	31003	31006	31009	31021	31037	31040	31043	31046	31049	31053	31056	31059	31066	151
BCW12	31070	31084	31087	31091	31095	31098	31101	31104	31107	31119	31135	31138	31141	31144	31147	31151	31154	31157	31164	154
BW02	31168	31182	31185	31189	31193	31196	31199	31202	31205	31217	31233	31236	31239	31242	31245	31249	31252	31255	31262	134
WiW29	31266	31280	31283	31287	31291	31294	31297	31300	31303	31315	31331	31334	31337	31340	31343	31347	31350	31353	31360	116
WYT97	31364	31378	31381	31385	31389	31392	31395	31398	31401	31413	31429	31432	31435	31438	31441	31445	31448	31451	31458	101
WYT113	31462	31476	31479	31483	31487	31490	31493	31496	31499	31511	31527	31530	31533	31536	31539	31543	31546	31549	31556	125
OWW03	31560	31574	31577	31581	31585	31588	31591	31594	31597	31609	31625	31628	31631	31634	31637	31641	31644	31647	31654	153
WGP16	31658	31672	31675	31679	31683	31686	31689	31692	31695	31707	31723	31726	31729	31732	31735	31739	31742	31745	31752	164
WYT06	31756	31770	31773	31777	31781	31784	31787	31790	31793	31805	31821	31824	31827	31830	31833	31837	31840	31843	31850	125
AE130	31854	31868	31871	31875	31879	31882	31885	31888	31891	31903	31919	31922	31925	31928	31931	31935	31938	31941	31948	144
LW12	31952	31966	31969	31973	31977	31980	31983	31986	31989	32001	32017	32020	32023	32026	32029	32033	32036	32039	32046	179
BB37	32050	32064	32067	32071	32075	32078	32081	32084	32087	32099	32115	32118	32121	32124	32127	32131	32134	32137	32144	108
WYT55	32148	32162	32165	32169	32173	32176	32179	32182	32185	32197	32213	32216	32219	32222	32225	32229	32232	32235	32242	122
AE66	32246	32260	32263	32267	32271	32274	32277	32280	32283	32295	32311	32314	32317	32320	32323	32327	32330	32333	32340	129
WEL22	32344	32358	32361	32365	32369	32372	32375	32378	32381	32393	32409	32412	32415	32418	32421	32425	32428	32431	32438	131
WiW24	32442	32456	32459	32463	32467	32470	32473	32476	32479	32491	32507	32510	32513	32516	32519	32523	32526	32529	32536	121
WF05	32540	32554	32557	32561	32565	32568	32571	32574	32577	32589	32605	32608	32611	32614	32617	32621	32624	32627	32634	160
WYT48	32638	32652	32655	32659	32663	32666	32669	32672	32675	32687	32703	32706	32709	32712	32715	32719	32722	32725	32732	119
WYM36	32736	32750	32753	32757	32761	32764	32767	32770	32773	32785	32801	32804	32807	32810	32813	32817	32820	32823	32830	113
WYC10	32834	32848	32851	32855	32859	32862	32865	32868	32871	32883	32899	32902	32905	32908	32911	32915	32918	32921	32928	116
OWW09	32932	32946	32949	32953	32957	32960	32963	32966	32969	32981	32997	33000	33003	33006	33009	33013	33016	33019	33026	138
WP04	33030	33044	33047	33051	33055	33058	33061	33064	33067	33079	33095	33098	33101	33104	33107	33111	33114	33117	33124	149
HW02	33128	33142	33145	33149	33153	33156	33159	33162	33165	33177	33193	33196	33199	33202	33205	33209	33212	33215	33222	163
WF06	33226	33240	33243	33247	33251	33254	33257	33260	33263	33275	33291	33294	33297	33300	33303	33307	33310	33313	33320	137
AE39	33324	33338	33341	33345	33349	33352	33355	33358	33361	33373	33389	33392	33395	33398	33401	33405	33408	33411	33418	131
WYC25	33422	33436	33439	33443	33447	33450	33453	33456	33459	33471	33487	33490	33493	33496	33499	33503	33506	33509	33516	142
WYT15	33520	33534	33537	33541	33545	33548	33551	33554	33557	33569	33585	33588	33591	33594	33597	33601	33604	33607	33614	148
BCW07	33618	33632	33635	33639	33643	33646	33649	33652	33655	33667	33683	33686	33689	33692	33695	33699	33702	33705	33712	107
AE123	33716	33730	33733	33737	33741	33744	33747	33750	33753	33765	33781	33784	33787	33790	33793	33797	33800	33803	33810	128
BB87	33814	33828	33831	33835	33839	33842	33845	33848	33851	33863	33879	33882	33885	33888	33891	33895	33898	33901	33908	119
AE166	33912	33926	33929	33933	33937	33940	33943	33946	33949	33961	33977	33980	33983	33986	33989	33993	33996	33999	34006	105
WYC28	34010	34024	34027	34031	34035	34038	34041	34044	34047	34059	34075	34078	34081	34084	34087	34091	34094	34097	34104	132
BW11	34108	34122	34125	34129	34133	34136	34139	34142	34145	34157	34173	34176	34179	34182	34185	34189	34192	34195	34202	193
AE14	34206	34220	34223	34227	34231	34234	34237	34240	34243	34255	34271	34274	34277	34280	34283	34287	34290	34293	34300	146
WYT71	34304	34318	34321	34325	34329	34332	34335	34338	34341	34353	34369	34372	34375	34378	34381	34385	34388	34391	34398	134
WGP14	34402	34416	34419	34423	34427	34430	34433	34436	34439	34451	34467	34470	34473	34476	34479	34483	34486	34489	34496	146
AE168	34500	34514	34517	34521	34525	34528	34531	34534	34537	34549	34565	34568	34571	34574	34577	34581	34584	34587	34594	126
WYM19	34598	34612	34615	34619	34623	34626	34629	34632	34635	34647	34663	34666	34669	34672	34675	34679	34682	34685	34692	130
WP03	34696	34710	34713	34717	34721	34724	34727	34730	34733	34745	34761	34764	34767	34770	34773	34777	34780	34783	34790	172
WiW14	34794	34808	34811	34815	34819	34822	34825	34828	34831	34843	34859	34862	34865	34868	34871	34875	34878	34881	34888	160
WiW42	34892	34906	34909	34913	34917	34920	34923	34926	34929	34941	34957	34960	34963	34966	34969	34973	34976	34979	34986	101
LW11	34990	35004	35007	35011	35015	35018	35021	35024	35027	35039	35055	35058	35061	35064	35067	35071	35074	35077	35084	151
AE118	35088	35102	35105	35109	35113	35116	35119	35122	35125	35137	35153	35156	35159	35162	35165	35169	35172	35175	35182	192
BCW16	35186	35200	35203	35207	35211	35214	35217	35220	35223	35235	35251	35254	35257	35260	35263	35267	35270	35273	35280	148
BW24	35284	35298	35301	35305	35309	35312	35315	35318	35321	35333	35349	35352	35355	35358	35361	35365	35368	35371	35378	169
WYT30	35382	35396	35399	35403	35407	35410	35413	35416	35419	35431	35447	35450	35453	35456	35459	35463	35466	35469	35476	132
AE165	35480	35494	35497	35501	35505	35508	35511	35514	35517	35529	35545	35548	35551	35554	35557	35561	35564	35567	35574	122
BB17	35578	35592	35595	35599	35603	35606	35609	35612	35615	35627	35643	35646	35649	35652	35655	35659	35662	35665	35672	99
WYC33	35676	35690	35693	35697	35701	35704	35707	35710	35713	35725	35741	35744	35747	35750	35753	35757	35760	35763	35770	127
AE124	35774	35788	35791	35795	35799	35802	35805	35808	35811	35823	35839	35842	35845	35848	35851	35855	35858	35861	35868	99
WYD04	35872	35886	35889	35893	35897	35900	35903	35906	35909	35921	35937	35940	35943	35946	35949	35953	35956	35959	35966	141
WYT90	35970	35984	35987	35991	35995	35998	36001	36004	36007	36019	36035	36038	36041	36044	36047	36051	36054	36057	36064	121
WiW35	36068	36082	36085	36089	36093	36096	36099	36102	36105	36117	36133	36136	36139	36142	36145	36149	36152	36155	36162	76
WYT02	36166	36180	36183	36187	36191	36194	36197	36200	36203	36215	36231	36234	36237	36240	36243	36247	36250	36253	36260	131
WYC37	36264	36278	36281	36285	36289	36292	36295	36298	36301	36313	36329	36332	36335	36338	36341	36345	36348	36351	36358	133
AE48	36362	36376	36379	36383	36387	36390	36393	36396	36399	36411	36427	36430	36433	36436	36439	36443	36446	36449	36456	131
BW07	36460	36474	36477	36481	36485	36488	36491	36494	36497	36509	36525	36528	36531	36534	36537	36541	36544	36547	36554	144
BCW02	36558	36572	36575	36579	36583	36586	36589	36592	36595	36607	36623	36626	36629	36632	36635	36639	36642	36645	36652	96
WYT104	36656	36670	36673	36677	36681	36684	36687	36690	36693	36705	36721	36724	36727	36730	36733	36737	36740	36743	36750	131
AE88	36754	36768	36771	36775	36779	36782	36785	36788	36791	36803	36819	36822	36825	36828	36831	36835	36838	36841	36848	130
WF04	36852	36866	36869	36873	36877	36880	36883	36886	36889	36901	36917	36920	36923	36926	36929	36933	36936	36939	36946	142
BB51	36950	36964	36967	36971	36975	36978	36981	36984	36987	36999	37015	37018	37021	37024	37027	37031	37034	37037	37044	98
AE84	37048	37062	37065	37069	37073	37076	37079	37082	37085	37097	37113	37116	37119	37122	37125	37129	37132	37135	37142	132
WP11	37146	37160	37163	37167	37171	37174	37177	37180	37183	37195	37211	37214	37217	37220	37223	37227	37230	37233	37240	84
AE160	37244	37258	37261	37265	37269	37272	37275	37278	37281	37293	37309	37312	37315	37318	37321	37325	37328	37331	37338	135
AE42	37342	37356	37359	37363	37367	37370	37373	37376	37379	37391	37407	37410	37413	37416	37419	37423	37426	37429	37436	146
BB47	37440	37454	37457	37461	37465	37468	37471	37474	37477	37489	37505	37508	37511	37514	37517	37521	37524	37527	37534	144
AE10	37538	37552	37555	37559	37563	37566	37569	37572	37575	37587	37603	37606	37609	37612	37615	37619	37622	37625	37632	140
AE64	37636	37650	37653	37657	37661	37664	37667	37670	37673	37685	37701	37704	37707	37710	37713	37717	37720	37723	37730	159
WiW21	37734	37748	37751	37755	37759	37762	37765	37768	37771	37783	37799	37802	37805	37808	37811	37815	37818	37821	37828	124
WYT109	37832	37846	37849	37853	37857	37860	37863	37866	37869	37881	37897	37900	37903	37906	37909	37913	37916	37919	37926	127
WP01	37930	37944	37947	37951	37955	37958	37961	37964	37967	37979	37995	37998	38001	38004	38007	38011	38014	38017	38024	154
OWW08	38028	38042	38045	38049	38053	38056	38059	38062	38065	38077	38093	38096	38099	38102	38105	38109	38112	38115	38122	135
AE162	38126	38140	38143	38147	38151	38154	38157	38160	38163	38175	38191	38194	38197	38200	38203	38207	38210	38213	38220	91
WGP11	38224	38238	38241	38245	38249	38252	38255	38258	38261	38273	38289	38292	38295	38298	38301	38305	38308	38311	38318	150
WYT115	38322	38336	38339	38343	38347	38350	38353	38356	38359	38371	38387	38390	38393	38396	38399	38403	38406	38409	38416	118
WYT13	38420	38434	38437	38441	38445	38448	38451	38454	38457	38469	38485	38488	38491	38494	38497	38501	38504	38507	38514	132
AE68	38518	38532	38535	38539	38543	38546	38549	38552	38555	38567	38583	38586	38589	38592	38595	38599	38602	38605	38612	101
BCW06	38616	38630	38633	38637	38641	38644	38647	38650	38653	38665	38681	38684	38687	38690	38693	38697	38700	38703	38710	100
AE47	38714	38728	38731	38735	38739	38742	38745	38748	38751	38763	38779	38782	38785	38788	38791	38795	38798	38801	38808	157
AE114	38812	38826	38829	38833	38837	38840	38843	38846	38849	38861	38877	38880	38883	38886	38889	38893	38896	38899	38906	160
WYT107	38910	38924	38927	38931	38935	38938	38941	38944	38947	38959	38975	38978	38981	38984	38987	38991	38994	38997	39004	119
BB94	39008	39022	39025	39029	39033	39036	39039	39042	39045	39057	39073	39076	39079	39082	39085	39089	39092	39095	39102	93
WiW10	39106	39120	39123	39127	39131	39134	39137	39140	39143	39155	39171	39174	39177	39180	39183	39187	39190	39193	39200	139
BB92	39204	39218	39221	39225	39229	39232	39235	39238	39241	39253	39269	39272	39275	39278	39281	39285	39288	39291	39298	119
WEL13	39302	39316	39319	39323	39327	39330	39333	39336	39339	39351	39367	39370	39373	39376	39379	39383	39386	39389	39396	134
LW10	39400	39414	39417	39421	39425	39428	39431	39434	39437	39449	39465	39468	39471	39474	39477	39481	39484	39487	39494	157
SNG01	39498	39512	39515	39519	39523	39526	39529	39532	39535	39547	39563	39566	39569	39572	39575	39579	39582	39585	39592	126
AE119	39596	39610	39613	39617	39621	39624	39627	39630	39633	39645	39661	39664	39667	39670	39673	39677	39680	39683	39690	148
WGP13	39694	39708	39711	39715	39719	39722	39725	39728	39731	39743	39759	39762	39765	39768	39771	39775	39778	39781	39788	173
WYT05	39792	39806	39809	39813	39817	39820	39823	39826	39829	39841	39857	39860	39863	39866	39869	39873	39876	39879	39886	136
AE89	39890	39904	39907	39911	39915	39918	39921	39924	39927	39939	39955	39958	39961	39964	39967	39971	39974	39977	39984	123
AE117	39988	40002	40005	40009	40013	40016	40019	40022	40025	40037	40053	40056	40059	40062	40065	40069	40072	40075	40082	134
WYT59	40086	40100	40103	40107	40111	40114	40117	40120	40123	40135	40151	40154	40157	40160	40163	40167	40170	40173	40180	113
OWW14	40184	40198	40201	40205	40209	40212	40215	40218	40221	40233	40249	40252	40255	40258	40261	40265	40268	40271	40278	87
WYM26	40282	40296	40299	40303	40307	40310	40313	40316	40319	40331	40347	40350	40353	40356	40359	40363	40366	40369	40376	121
BB18	40380	40394	40397	40401	40405	40408	40411	40414	40417	40429	40445	40448	40451	40454	40457	40461	40464	40467	40474	100
WYM15	40478	40492	40495	40499	40503	40506	40509	40512	40515	40527	40543	40546	40549	40552	40555	40559	40562	40565	40572	139
BB50	40576	40590	40593	40597	40601	40604	40607	40610	40613	40625	40641	40644	40647	40650	40653	40657	40660	40663	40670	123
WYT26	40674	40688	40691	40695	40699	40702	40705	40708	40711	40723	40739	40742	40745	40748	40751	40755	40758	40761	40768	119
OWW04	40772	40786	40789	40793	40797	40800	40803	40806	40809	40821	40837	40840	40843	40846	40849	40853	40856	40859	40866	131
WGP20	40870	40884	40887	40891	40895	40898	40901	40904	40907	40919	40935	40938	40941	40944	40947	40951	40954	40957	40964	128
WGP17	40968	40982	40985	40989	40993	40996	40999	41002	41005	41017	41033	41036	41039	41042	41045	41049	41052	41055	41062	128
WYT89	41066	41080	41083	41087	41091	41094	41097	41100	41103	41115	41131	41134	41137	41140	41143	41147	41150	41153	41160	124
AE171	41164	41178	41181	41185	41189	41192	41195	41198	41201	41213	41229	41232	41235	41238	41241	41245	41248	41251	41258	90
WYT100	41262	41276	41279	41283	41287	41290	41293	41296	41299	41311	41327	41330	41333	41336	41339	41343	41346	41349	41356	147
WYM40	41360	41374	41377	41381	41385	41388	41391	41394	41397	41409	41425	41428	41431	41434	41437	41441	41444	41447	41454	148
LW06	41458	41472	41475	41479	41483	41486	41489	41492	41495	41507	41523	41526	41529	41532	41535	41539	41542	41545	41552	131
BB24	41556	41570	41573	41577	41581	41584	41587	41590	41593	41605	41621	41624	41627	41630	41633	41637	41640	41643	41650	101
BB54	41654	41668	41671	41675	41679	41682	41685	41688	41691	41703	41719	41722	41725	41728	41731	41735	41738	41741	41748	114
AE99	41752	41766	41769	41773	41777	41780	41783	41786	41789	41801	41817	41820	41823	41826	41829	41833	41836	41839	41846	155
PH03	41850	41864	41867	41871	41875	41878	41881	41884	41887	41899	41915	41918	41921	41924	41927	41931	41934	41937	41944	162
WYC30	41948	41962	41965	41969	41973	41976	41979	41982	41985	41997	42013	42016	42019	42022	42025	42029	42032	42035	42042	122
WYM30	42046	42060	42063	42067	42071	42074	42077	42080	42083	42095	42111	42114	42117	42120	42123	42127	42130	42133	42140	134
WP02	42144	42158	42161	42165	42169	42172	42175	42178	42181	42193	42209	42212	42215	42218	42221	42225	42228	42231	42238	155
BW09	42242	42256	42259	42263	42267	42270	42273	42276	42279	42291	42307	42310	42313	42316	42319	42323	42326	42329	42336	159
AE34	42340	42354	42357	42361	42365	42368	42371	42374	42377	42389	42405	42408	42411	42414	42417	42421	42424	42427	42434	121
AE143	42438	42452	42455	42459	42463	42466	42469	42472	42475	42487	42503	42506	42509	42512	42515	42519	42522	42525	42532	142
BB21	42536	42550	42553	42557	42561	42564	42567	42570	42573	42585	42601	42604	42607	42610	42613	42617	42620	42623	42630	104
WiW49	42634	42648	42651	42655	42659	42662	42665	42668	42671	42683	42699	42702	42705	42708	42711	42715	42718	42721	42728	92
SAC06	42732	42746	42749	42753	42757	42760	42763	42766	42769	42781	42797	42800	42803	42806	42809	42813	42816	42819	42826	102
WEL10	42830	42844	42847	42851	42855	42858	42861	42864	42867	42879	42895	42898	42901	42904	42907	42911	42914	42917	42924	148
WEL20	42928	42942	42945	42949	42953	42956	42959	42962	42965	42977	42993	42996	42999	43002	43005	43009	43012	43015	43022	155
WYC21	43026	43040	43043	43047	43051	43054	43057	43060	43063	43075	43091	43094	43097	43100	43103	43107	43110	43113	43120	112
AE54	43124	43138	43141	43145	43149	43152	43155	43158	43161	43173	43189	43192	43195	43198	43201	43205	43208	43211	43218	147
WYT77	43222	43236	43239	43243	43247	43250	43253	43256	43259	43271	43287	43290	43293	43296	43299	43303	43306	43309	43316	162
WiW01	43320	43334	43337	43341	43345	43348	43351	43354	43357	43369	43385	43388	43391	43394	43397	43401	43404	43407	43414	146
WYT101	43418	43432	43435	43439	43443	43446	43449	43452	43455	43467	43483	43486	43489	43492	43495	43499	43502	43505	43512	80
BW08	43516	43530	43533	43537	43541	43544	43547	43550	43553	43565	43581	43584	43587	43590	43593	43597	43600	43603	43610	138
WYC38	43614	43628	43631	43635	43639	43642	43645	43648	43651	43663	43679	43682	43685	43688	43691	43695	43698	43701	43708	112
AE164	43712	43726	43729	43733	43737	43740	43743	43746	43749	43761	43777	43780	43783	43786	43789	43793	43796	43799	43806	91
WiW52	43810	43824	43827	43831	43835	43838	43841	43844	43847	43859	43875	43878	43881	43884	43887	43891	43894	43897	43904	125
WYT86	43908	43922	43925	43929	43933	43936	43939	43942	43945	43957	43973	43976	43979	43982	43985	43989	43992	43995	44002	162
BW05	44006	44020	44023	44027	44031	44034	44037	44040	44043	44055	44071	44074	44077	44080	44083	44087	44090	44093	44100	165
AE58	44104	44118	44121	44125	44129	44132	44135	44138	44141	44153	44169	44172	44175	44178	44181	44185	44188	44191	44198	144
WGP08	44202	44216	44219	44223	44227	44230	44233	44236	44239	44251	44267	44270	44273	44276	44279	44283	44286	44289	44296	107
BCW18	44300	44314	44317	44321	44325	44328	44331	44334	44337	44349	44365	44368	44371	44374	44377	44381	44384	44387	44394	96
WYT28	44398	44412	44415	44419	44423	44426	44429	44432	44435	44447	44463	44466	44469	44472	44475	44479	44482	44485	44492	94
AE82	44496	44510	44513	44517	44521	44524	44527	44530	44533	44545	44561	44564	44567	44570	44573	44577	44580	44583	44590	125
WiW47	44594	44608	44611	44615	44619	44622	44625	44628	44631	44643	44659	44662	44665	44668	44671	44675	44678	44681	44688	123
WYT66	44692	44706	44709	44713	44717	44720	44723	44726	44729	44741	44757	44760	44763	44766	44769	44773	44776	44779	44786	151
WP12	44790	44804	44807	44811	44815	44818	44821	44824	44827	44839	44855	44858	44861	44864	44867	44871	44874	44877	44884	122
WiW15	44888	44902	44905	44909	44913	44916	44919	44922	44925	44937	44953	44956	44959	44962	44965	44969	44972	44975	44982	141
WYD02	44986	45000	45003	45007	45011	45014	45017	45020	45023	45035	45051	45054	45057	45060	45063	45067	45070	45073	45080	124
WGP03	45084	45098	45101	45105	45109	45112	45115	45118	45121	45133	45149	45152	45155	45158	45161	45165	45168	45171	45178	132
AE77	45182	45196	45199	45203	45207	45210	45213	45216	45219	45231	45247	45250	45253	45256	45259	45263	45266	45269	45276	108
LW04	45280	45294	45297	45301	45305	45308	45311	45314	45317	45329	45345	45348	45351	45354	45357	45361	45364	45367	45374	112
WYT09	45378	45392	45395	45399	45403	45406	45409	45412	45415	45427	45443	45446	45449	45452	45455	45459	45462	45465	45472	129
BCW01	45476	45490	45493	45497	45501	45504	45507	45510	45513	45525	45541	45544	45547	45550	45553	45557	45560	45563	45570	111
WYT61	45574	45588	45591	45595	45599	45602	45605	45608	45611	45623	45639	45642	45645	45648	45651	45655	45658	45661	45668	143
WYT65	45672	45686	45689	45693	45697	45700	45703	45706	45709	45721	45737	45740	45743	45746	45749	45753	45756	45759	45766	83
WYD12	45770	45784	45787	45791	45795	45798	45801	45804	45807	45819	45835	45838	45841	45844	45847	45851	45854	45857	45864	173
WiW41	45868	45882	45885	45889	45893	45896	45899	45902	45905	45917	45933	45936	45939	45942	45945	45949	45952	45955	45962	97
WYT54	45966	45980	45983	45987	45991	45994	45997	46000	46003	46015	46031	46034	46037	46040	46043	46047	46050	46053	46060	131
OWW02	46064	46078	46081	46085	46089	46092	46095	46098	46101	46113	46129	46132	46135	46138	46141	46145	46148	46151	46158	144
WYT92	46162	46176	46179	46183	46187	46190	46193	46196	46199	46211	46227	46230	46233	46236	46239	46243	46246	46249	46256	104
PH08	46260	46274	46277	46281	46285	46288	46291	46294	46297	46309	46325	46328	46331	46334	46337	46341	46344	46347	46354	126
BB83	46358	46372	46375	46379	46383	46386	46389	46392	46395	46407	46423	46426	46429	46432	46435	46439	46442	46445	46452	107
WYM10	46456	46470	46473	46477	46481	46484	46487	46490	46493	46505	46521	46524	46527	46530	46533	46537	46540	46543	46550	125
AE17	46554	46568	46571	46575	46579	46582	46585	46588	46591	46603	46619	46622	46625	46628	46631	46635	46638	46641	46648	150
BW12	46652	46666	46669	46673	46677	46680	46683	46686	46689	46701	46717	46720	46723	46726	46729	46733	46736	46739	46746	177
WiW39	46750	46764	46767	46771	46775	46778	46781	46784	46787	46799	46815	46818	46821	46824	46827	46831	46834	46837	46844	98
WiW31	46848	46862	46865	46869	46873	46876	46879	46882	46885	46897	46913	46916	46919	46922	46925	46929	46932	46935	46942	91
WiW16	46946	46960	46963	46967	46971	46974	46977	46980	46983	46995	47011	47014	47017	47020	47023	47027	47030	47033	47040	175
WYT75	47044	47058	47061	47065	47069	47072	47075	47078	47081	47093	47109	47112	47115	47118	47121	47125	47128	47131	47138	134
HW10	47142	47156	47159	47163	47167	47170	47173	47176	47179	47191	47207	47210	47213	47216	47219	47223	47226	47229	47236	166
PH07	47240	47254	47257	47261	47265	47268	47271	47274	47277	47289	47305	47308	47311	47314	47317	47321	47324	47327	47334	167
PH13	47338	47352	47355	47359	47363	47366	47369	47372	47375	47387	47403	47406	47409	47412	47415	47419	47422	47425	47432	133
WYT51	47436	47450	47453	47457	47461	47464	47467	47470	47473	47485	47501	47504	47507	47510	47513	47517	47520	47523	47530	119
WYT47	47534	47548	47551	47555	47559	47562	47565	47568	47571	47583	47599	47602	47605	47608	47611	47615	47618	47621	47628	100
WiW11	47632	47646	47649	47653	47657	47660	47663	47666	47669	47681	47697	47700	47703	47706	47709	47713	47716	47719	47726	160
BCW10	47730	47744	47747	47751	47755	47758	47761	47764	47767	47779	47795	47798	47801	47804	47807	47811	47814	47817	47824	139
BB16	47828	47842	47845	47849	47853	47856	47859	47862	47865	47877	47893	47896	47899	47902	47905	47909	47912	47915	47922	169
WiW18	47926	47940	47943	47947	47951	47954	47957	47960	47963	47975	47991	47994	47997	48000	48003	48007	48010	48013	48020	127
WYC36	48024	48038	48041	48045	48049	48052	48055	48058	48061	48073	48089	48092	48095	48098	48101	48105	48108	48111	48118	147
WYT82	48122	48136	48139	48143	48147	48150	48153	48156	48159	48171	48187	48190	48193	48196	48199	48203	48206	48209	48216	129
BB84	48220	48234	48237	48241	48245	48248	48251	48254	48257	48269	48285	48288	48291	48294	48297	48301	48304	48307	48314	102
WYT74	48318	48332	48335	48339	48343	48346	48349	48352	48355	48367	48383	48386	48389	48392	48395	48399	48402	48405	48412	109
WYT43	48416	48430	48433	48437	48441	48444	48447	48450	48453	48465	48481	48484	48487	48490	48493	48497	48500	48503	48510	113
WYT99	48514	48528	48531	48535	48539	48542	48545	48548	48551	48563	48579	48582	48585	48588	48591	48595	48598	48601	48608	145
BB99	48612	48626	48629	48633	48637	48640	48643	48646	48649	48661	48677	48680	48683	48686	48689	48693	48696	48699	48706	133
WYM05	48710	48724	48727	48731	48735	48738	48741	48744	48747	48759	48775	48778	48781	48784	48787	48791	48794	48797	48804	161
AE59	48808	48822	48825	48829	48833	48836	48839	48842	48845	48857	48873	48876	48879	48882	48885	48889	48892	48895	48902	149
WYT44	48906	48920	48923	48927	48931	48934	48937	48940	48943	48955	48971	48974	48977	48980	48983	48987	48990	48993	49000	116
WYM07	49004	49018	49021	49025	49029	49032	49035	49038	49041	49053	49069	49072	49075	49078	49081	49085	49088	49091	49098	147
AE104	49102	49116	49119	49123	49127	49130	49133	49136	49139	49151	49167	49170	49173	49176	49179	49183	49186	49189	49196	173
WiW43	49200	49214	49217	49221	49225	49228	49231	49234	49237	49249	49265	49268	49271	49274	49277	49281	49284	49287	49294	104
BCW09	49298	49312	49315	49319	49323	49326	49329	49332	49335	49347	49363	49366	49369	49372	49375	49379	49382	49385	49392	131
PH09	49396	49410	49413	49417	49421	49424	49427	49430	49433	49445	49461	49464	49467	49470	49473	49477	49480	49483	49490	117
WEL01	49494	49508	49511	49515	49519	49522	49525	49528	49531	49543	49559	49562	49565	49568	49571	49575	49578	49581	49588	204
WYT112	49592	49606	49609	49613	49617	49620	49623	49626	49629	49641	49657	49660	49663	49666	49669	49673	49676	49679	49686	107
WYC04	49690	49704	49707	49711	49715	49718	49721	49724	49727	49739	49755	49758	49761	49764	49767	49771	49774	49777	49784	133
AE170	49788	49802	49805	49809	49813	49816	49819	49822	49825	49837	49853	49856	49859	49862	49865	49869	49872	49875	49882	118
SAC15	49886	49900	49903	49907	49911	49914	49917	49920	49923	49935	49951	49954	49957	49960	49963	49967	49970	49973	49980	171
SAC02	49984	49998	50001	50005	50009	50012	50015	50018	50021	50033	50049	50052	50055	50058	50061	50065	50068	50071	50078	103
WYT108	50082	50096	50099	50103	50107	50110	50113	50116	50119	50131	50147	50150	50153	50156	50159	50163	50166	50169	50176	115
WYC08	50180	50194	50197	50201	50205	50208	50211	50214	50217	50229	50245	50248	50251	50254	50257	50261	50264	50267	50274	142
BCW05	50278	50292	50295	50299	50303	50306	50309	50312	50315	50327	50343	50346	50349	50352	50355	50359	50362	50365	50372	118
WiW46	50376	50390	50393	50397	50401	50404	50407	50410	50413	50425	50441	50444	50447	50450	50453	50457	50460	50463	50470	103
AE177	50474	50488	50491	50495	50499	50502	50505	50508	50511	50523	50539	50542	50545	50548	50551	50555	50558	50561	50568	105
LW09	50572	50586	50589	50593	50597	50600	50603	50606	50609	50621	50637	50640	50643	50646	50649	50653	50656	50659	50666	169
WYC23	50670	50684	50687	50691	50695	50698	50701	50704	50707	50719	50735	50738	50741	50744	50747	50751	50754	50757	50764	113
BB10	50768	50782	50785	50789	50793	50796	50799	50802	50805	50817	50833	50836	50839	50842	50845	50849	50852	50855	50862	191
WYT36	50866	50880	50883	50887	50891	50894	50897	50900	50903	50915	50931	50934	50937	50940	50943	50947	50950	50953	50960	118
WEL04	50964	50978	50981	50985	50989	50992	50995	50998	51001	51013	51029	51032	51035	51038	51041	51045	51048	51051	51058	175
WYM13	51062	51076	51079	51083	51087	51090	51093	51096	51099	51111	51127	51130	51133	51136	51139	51143	51146	51149	51156	199
WYT64	51160	51174	51177	51181	51185	51188	51191	51194	51197	51209	51225	51228	51231	51234	51237	51241	51244	51247	51254	103
AE76	51258	51272	51275	51279	51283	51286	51289	51292	51295	51307	51323	51326	51329	51332	51335	51339	51342	51345	51352	181
AE151	51356	51370	51373	51377	51381	51384	51387	51390	51393	51405	51421	51424	51427	51430	51433	51437	51440	51443	51450	171
SP15	51454	51468	51471	51475	51479	51482	51485	51488	51491	51503	51519	51522	51525	51528	51531	51535	51538	51541	51548	122
WYM14	51552	51566	51569	51573	51577	51580	51583	51586	51589	51601	51617	51620	51623	51626	51629	51633	51636	51639	51646	150
WYT67	51650	51664	51667	51671	51675	51678	51681	51684	51687	51699	51715	51718	51721	51724	51727	51731	51734	51737	51744	119
AE24	51748	51762	51765	51769	51773	51776	51779	51782	51785	51797	51813	51816	51819	51822	51825	51829	51832	51835	51842	108
AE139	51846	51860	51863	51867	51871	51874	51877	51880	51883	51895	51911	51914	51917	51920	51923	51927	51930	51933	51940	144
WP07	51944	51958	51961	51965	51969	51972	51975	51978	51981	51993	52009	52012	52015	52018	52021	52025	52028	52031	52038	155
WYC01	52042	52056	52059	52063	52067	52070	52073	52076	52079	52091	52107	52110	52113	52116	52119	52123	52126	52129	52136	128
WGP09	52140	52154	52157	52161	52165	52168	52171	52174	52177	52189	52205	52208	52211	52214	52217	52221	52224	52227	52234	183
WYC29	52238	52252	52255	52259	52263	52266	52269	52272	52275	52287	52303	52306	52309	52312	52315	52319	52322	52325	52332	131
BB86	52336	52350	52353	52357	52361	52364	52367	52370	52373	52385	52401	52404	52407	52410	52413	52417	52420	52423	52430	111
PH11	52434	52448	52451	52455	52459	52462	52465	52468	52471	52483	52499	52502	52505	52508	52511	52515	52518	52521	52528	152
BB25	52532	52546	52549	52553	52557	52560	52563	52566	52569	52581	52597	52600	52603	52606	52609	52613	52616	52619	52626	121
OWW01	52630	52644	52647	52651	52655	52658	52661	52664	52667	52679	52695	52698	52701	52704	52707	52711	52714	52717	52724	151
AE105	52728	52742	52745	52749	52753	52756	52759	52762	52765	52777	52793	52796	52799	52802	52805	52809	52812	52815	52822	131
BCW03	52826	52840	52843	52847	52851	52854	52857	52860	52863	52875	52891	52894	52897	52900	52903	52907	52910	52913	52920	96
SP10	52924	52938	52941	52945	52949	52952	52955	52958	52961	52973	52989	52992	52995	52998	53001	53005	53008	53011	53018	126
BB65	53022	53036	53039	53043	53047	53050	53053	53056	53059	53071	53087	53090	53093	53096	53099	53103	53106	53109	53116	106
WYT21	53120	53134	53137	53141	53145	53148	53151	53154	53157	53169	53185	53188	53191	53194	53197	53201	53204	53207	53214	166
LW08	53218	53232	53235	53239	53243	53246	53249	53252	53255	53267	53283	53286	53289	53292	53295	53299	53302	53305	53312	163
WYC39	53316	53330	53333	53337	53341	53344	53347	53350	53353	53365	53381	53384	53387	53390	53393	53397	53400	53403	53410	151
SAC16	53414	53428	53431	53435	53439	53442	53445	53448	53451	53463	53479	53482	53485	53488	53491	53495	53498	53501	53508	160
AE157	53512	53526	53529	53533	53537	53540	53543	53546	53549	53561	53577	53580	53583	53586	53589	53593	53596	53599	53606	114
BB38	53610	53624	53627	53631	53635	53638	53641	53644	53647	53659	53675	53678	53681	53684	53687	53691	53694	53697	53704	118
BB91	53708	53722	53725	53729	53733	53736	53739	53742	53745	53757	53773	53776	53779	53782	53785	53789	53792	53795	53802	105
BB59	53806	53820	53823	53827	53831	53834	53837	53840	53843	53855	53871	53874	53877	53880	53883	53887	53890	53893	53900	106
WYT41	53904	53918	53921	53925	53929	53932	53935	53938	53941	53953	53969	53972	53975	53978	53981	53985	53988	53991	53998	121
WYT40	54002	54016	54019	54023	54027	54030	54033	54036	54039	54051	54067	54070	54073	54076	54079	54083	54086	54089	54096	110
AE46	54100	54114	54117	54121	54125	54128	54131	54134	54137	54149	54165	54168	54171	54174	54177	54181	54184	54187	54194	133
WiW38	54198	54212	54215	54219	54223	54226	54229	54232	54235	54247	54263	54266	54269	54272	54275	54279	54282	54285	54292	77
HW12	54296	54310	54313	54317	54321	54324	54327	54330	54333	54345	54361	54364	54367	54370	54373	54377	54380	54383	54390	188
AE145	54394	54408	54411	54415	54419	54422	54425	54428	54431	54443	54459	54462	54465	54468	54471	54475	54478	54481	54488	163
AE20	54492	54506	54509	54513	54517	54520	54523	54526	54529	54541	54557	54560	54563	54566	54569	54573	54576	54579	54586	99
OWW12	54590	54604	54607	54611	54615	54618	54621	54624	54627	54639	54655	54658	54661	54664	54667	54671	54674	54677	54684	125
WEL07	54688	54702	54705	54709	54713	54716	54719	54722	54725	54737	54753	54756	54759	54762	54765	54769	54772	54775	54782	188
BW01	54786	54800	54803	54807	54811	54814	54817	54820	54823	54835	54851	54854	54857	54860	54863	54867	54870	54873	54880	144
AE33	54884	54898	54901	54905	54909	54912	54915	54918	54921	54933	54949	54952	54955	54958	54961	54965	54968	54971	54978	159
HW06	54982	54996	54999	55003	55007	55010	55013	55016	55019	55031	55047	55050	55053	55056	55059	55063	55066	55069	55076	193
PH15	55080	55094	55097	55101	55105	55108	55111	55114	55117	55129	55145	55148	55151	55154	55157	55161	55164	55167	55174	106
WYT102	55178	55192	55195	55199	55203	55206	55209	55212	55215	55227	55243	55246	55249	55252	55255	55259	55262	55265	55272	88
WYD10	55276	55290	55293	55297	55301	55304	55307	55310	55313	55325	55341	55344	55347	55350	55353	55357	55360	55363	55370	167
AE70	55374	55388	55391	55395	55399	55402	55405	55408	55411	55423	55439	55442	55445	55448	55451	55455	55458	55461	55468	131
WEL25	55472	55486	55489	55493	55497	55500	55503	55506	55509	55521	55537	55540	55543	55546	55549	55553	55556	55559	55566	150
BB97	55570	55584	55587	55591	55595	55598	55601	55604	55607	55619	55635	55638	55641	55644	55647	55651	55654	55657	55664	88
AE133	55668	55682	55685	55689	55693	55696	55699	55702	55705	55717	55733	55736	55739	55742	55745	55749	55752	55755	55762	96
AE29	55766	55780	55783	55787	55791	55794	55797	55800	55803	55815	55831	55834	55837	55840	55843	55847	55850	55853	55860	135
AE175	55864	55878	55881	55885	55889	55892	55895	55898	55901	55913	55929	55932	55935	55938	55941	55945	55948	55951	55958	109
WiW19	55962	55976	55979	55983	55987	55990	55993	55996	55999	56011	56027	56030	56033	56036	56039	56043	56046	56049	56056	172
WYT03	56060	56074	56077	56081	56085	56088	56091	56094	56097	56109	56125	56128	56131	56134	56137	56141	56144	56147	56154	128
WYM28	56158	56172	56175	56179	56183	56186	56189	56192	56195	56207	56223	56226	56229	56232	56235	56239	56242	56245	56252	116
WiW28	56256	56270	56273	56277	56281	56284	56287	56290	56293	56305	56321	56324	56327	56330	56333	56337	56340	56343	56350	103
WiW17	56354	56368	56371	56375	56379	56382	56385	56388	56391	56403	56419	56422	56425	56428	56431	56435	56438	56441	56448	158
WiW51	56452	56466	56469	56473	56477	56480	56483	56486	56489	56501	56517	56520	56523	56526	56529	56533	56536	56539	56546	121
AE53	56550	56564	56567	56571	56575	56578	56581	56584	56587	56599	56615	56618	56621	56624	56627	56631	56634	56637	56644	161
PH02	56648	56662	56665	56669	56673	56676	56679	56682	56685	56697	56713	56716	56719	56722	56725	56729	56732	56735	56742	144
AE19	56746	56760	56763	56767	56771	56774	56777	56780	56783	56795	56811	56814	56817	56820	56823	56827	56830	56833	56840	142
HW07	56844	56858	56861	56865	56869	56872	56875	56878	56881	56893	56909	56912	56915	56918	56921	56925	56928	56931	56938	186
PH12	56942	56956	56959	56963	56967	56970	56973	56976	56979	56991	57007	57010	57013	57016	57019	57023	57026	57029	57036	109
HW08	57040	57054	57057	57061	57065	57068	57071	57074	57077	57089	57105	57108	57111	57114	57117	57121	57124	57127	57134	161
AE113	57138	57152	57155	57159	57163	57166	57169	57172	57175	57187	57203	57206	57209	57212	57215	57219	57222	57225	57232	127
WYT72	57236	57250	57253	57257	57261	57264	57267	57270	57273	57285	57301	57304	57307	57310	57313	57317	57320	57323	57330	118
SAC10	57334	57348	57351	57355	57359	57362	57365	57368	57371	57383	57399	57402	57405	57408	57411	57415	57418	57421	57428	177
WYM41	57432	57446	57449	57453	57457	57460	57463	57466	57469	57481	57497	57500	57503	57506	57509	57513	57516	57519	57526	156
BB15	57530	57544	57547	57551	57555	57558	57561	57564	57567	57579	57595	57598	57601	57604	57607	57611	57614	57617	57624	167
WYM42	57628	57642	57645	57649	57653	57656	57659	57662	57665	57677	57693	57696	57699	57702	57705	57709	57712	57715	57722	134
WP08	57726	57740	57743	57747	57751	57754	57757	57760	57763	57775	57791	57794	57797	57800	57803	57807	57810	57813	57820	158
WEL18	57824	57838	57841	57845	57849	57852	57855	57858	57861	57873	57889	57892	57895	57898	57901	57905	57908	57911	57918	124
LW02	57922	57936	57939	57943	57947	57950	57953	57956	57959	57971	57987	57990	57993	57996	57999	58003	58006	58009	58016	115
AE106	58020	58034	58037	58041	58045	58048	58051	58054	58057	58069	58085	58088	58091	58094	58097	58101	58104	58107	58114	107
WYM16	58118	58132	58135	58139	58143	58146	58149	58152	58155	58167	58183	58186	58189	58192	58195	58199	58202	58205	58212	140
WiW06	58216	58230	58233	58237	58241	58244	58247	58250	58253	58265	58281	58284	58287	58290	58293	58297	58300	58303	58310	145
BB93	58314	58328	58331	58335	58339	58342	58345	58348	58351	58363	58379	58382	58385	58388	58391	58395	58398	58401	58408	85
BCW22	58412	58426	58429	58433	58437	58440	58443	58446	58449	58461	58477	58480	58483	58486	58489	58493	58496	58499	58506	66
BCW14	58510	58524	58527	58531	58535	58538	58541	58544	58547	58559	58575	58578	58581	58584	58587	58591	58594	58597	58604	138
WYM03	58608	58622	58625	58629	58633	58636	58639	58642	58645	58657	58673	58676	58679	58682	58685	58689	58692	58695	58702	148
BB98	58706	58720	58723	58727	58731	58734	58737	58740	58743	58755	58771	58774	58777	58780	58783	58787	58790	58793	58800	140
SAC05	58804	58818	58821	58825	58829	58832	58835	58838	58841	58853	58869	58872	58875	58878	58881	58885	58888	58891	58898	142
WYM24	58902	58916	58919	58923	58927	58930	58933	58936	58939	58951	58967	58970	58973	58976	58979	58983	58986	58989	58996	134
BB89	59000	59014	59017	59021	59025	59028	59031	59034	59037	59049	59065	59068	59071	59074	59077	59081	59084	59087	59094	101
WEL09	59098	59112	59115	59119	59123	59126	59129	59132	59135	59147	59163	59166	59169	59172	59175	59179	59182	59185	59192	150
WEL06	59196	59210	59213	59217	59221	59224	59227	59230	59233	59245	59261	59264	59267	59270	59273	59277	59280	59283	59290	193
WEL26	59294	59308	59311	59315	59319	59322	59325	59328	59331	59343	59359	59362	59365	59368	59371	59375	59378	59381	59388	175
WF01	59392	59406	59409	59413	59417	59420	59423	59426	59429	59441	59457	59460	59463	59466	59469	59473	59476	59479	59486	154
AE111	59490	59504	59507	59511	59515	59518	59521	59524	59527	59539	59555	59558	59561	59564	59567	59571	59574	59577	59584	142
WiW09	59588	59602	59605	59609	59613	59616	59619	59622	59625	59637	59653	59656	59659	59662	59665	59669	59672	59675	59682	139
AE28	59686	59700	59703	59707	59711	59714	59717	59720	59723	59735	59751	59754	59757	59760	59763	59767	59770	59773	59780	141
BW18	59784	59798	59801	59805	59809	59812	59815	59818	59821	59833	59849	59852	59855	59858	59861	59865	59868	59871	59878	146
BW21	59882	59896	59899	59903	59907	59910	59913	59916	59919	59931	59947	59950	59953	59956	59959	59963	59966	59969	59976	172
AE127	59980	59994	59997	60001	60005	60008	60011	60014	60017	60029	60045	60048	60051	60054	60057	60061	60064	60067	60074	145
AE87	60078	60092	60095	60099	60103	60106	60109	60112	60115	60127	60143	60146	60149	60152	60155	60159	60162	60165	60172	118
WYC18	60176	60190	60193	60197	60201	60204	60207	60210	60213	60225	60241	60244	60247	60250	60253	60257	60260	60263	60270	100
SAC09	60274	60288	60291	60295	60299	60302	60305	60308	60311	60323	60339	60342	60345	60348	60351	60355	60358	60361	60368	167
WEL19	60372	60386	60389	60393	60397	60400	60403	60406	60409	60421	60437	60440	60443	60446	60449	60453	60456	60459	60466	133
AE108	60470	60484	60487	60491	60495	60498	60501	60504	60507	60519	60535	60538	60541	60544	60547	60551	60554	60557	60564	145
WYT31	60568	60582	60585	60589	60593	60596	60599	60602	60605	60617	60633	60636	60639	60642	60645	60649	60652	60655	60662	119
AE01	60666	60680	60683	60687	60691	60694	60697	60700	60703	60715	60731	60734	60737	60740	60743	60747	60750	60753	60760	135
WiW53	60764	60778	60781	60785	60789	60792	60795	60798	60801	60813	60829	60832	60835	60838	60841	60845	60848	60851	60858	116
WiW04	60862	60876	60879	60883	60887	60890	60893	60896	60899	60911	60927	60930	60933	60936	60939	60943	60946	60949	60956	135
BB79	60960	60974	60977	60981	60985	60988	60991	60994	60997	61009	61025	61028	61031	61034	61037	61041	61044	61047	61054	96
BW17	61058	61072	61075	61079	61083	61086	61089	61092	61095	61107	61123	61126	61129	61132	61135	61139	61142	61145	61152	144
BWd02	61156	61170	61173	61177	61181	61184	61187	61190	61193	61205	61221	61224	61227	61230	61233	61237	61240	61243	61250	162
AE136	61254	61268	61271	61275	61279	61282	61285	61288	61291	61303	61319	61322	61325	61328	61331	61335	61338	61341	61348	149
BB62	61352	61366	61369	61373	61377	61380	61383	61386	61389	61401	61417	61420	61423	61426	61429	61433	61436	61439	61446	175
WYT42	61450	61464	61467	61471	61475	61478	61481	61484	61487	61499	61515	61518	61521	61524	61527	61531	61534	61537	61544	122
WEL03	61548	61562	61565	61569	61573	61576	61579	61582	61585	61597	61613	61616	61619	61622	61625	61629	61632	61635	61642	192
BCW04	61646	61660	61663	61667	61671	61674	61677	61680	61683	61695	61711	61714	61717	61720	61723	61727	61730	61733	61740	130
AE137	61744	61758	61761	61765	61769	61772	61775	61778	61781	61793	61809	61812	61815	61818	61821	61825	61828	61831	61838	126
AE79	61842	61856	61859	61863	61867	61870	61873	61876	61879	61891	61907	61910	61913	61916	61919	61923	61926	61929	61936	122
WYC32	61940	61954	61957	61961	61965	61968	61971	61974	61977	61989	62005	62008	62011	62014	62017	62021	62024	62027	62034	168
AE40	62038	62052	62055	62059	62063	62066	62069	62072	62075	62087	62103	62106	62109	62112	62115	62119	62122	62125	62132	131
WYM43	62136	62150	62153	62157	62161	62164	62167	62170	62173	62185	62201	62204	62207	62210	62213	62217	62220	62223	62230	122
BB48	62234	62248	62251	62255	62259	62262	62265	62268	62271	62283	62299	62302	62305	62308	62311	62315	62318	62321	62328	134
LW03	62332	62346	62349	62353	62357	62360	62363	62366	62369	62381	62397	62400	62403	62406	62409	62413	62416	62419	62426	147
WYT88	62430	62444	62447	62451	62455	62458	62461	62464	62467	62479	62495	62498	62501	62504	62507	62511	62514	62517	62524	107
BB82	62528	62542	62545	62549	62553	62556	62559	62562	62565	62577	62593	62596	62599	62602	62605	62609	62612	62615	62622	97
WP14	62626	62640	62643	62647	62651	62654	62657	62660	62663	62675	62691	62694	62697	62700	62703	62707	62710	62713	62720	104
BB09	62724	62738	62741	62745	62749	62752	62755	62758	62761	62773	62789	62792	62795	62798	62801	62805	62808	62811	62818	177
WYT58	62822	62836	62839	62843	62847	62850	62853	62856	62859	62871	62887	62890	62893	62896	62899	62903	62906	62909	62916	101
SAC11	62920	62934	62937	62941	62945	62948	62951	62954	62957	62969	62985	62988	62991	62994	62997	63001	63004	63007	63014	170
AE122	63018	63032	63035	63039	63043	63046	63049	63052	63055	63067	63083	63086	63089	63092	63095	63099	63102	63105	63112	129
WiW34	63116	63130	63133	63137	63141	63144	63147	63150	63153	63165	63181	63184	63187	63190	63193	63197	63200	63203	63210	134
BB39	63214	63228	63231	63235	63239	63242	63245	63248	63251	63263	63279	63282	63285	63288	63291	63295	63298	63301	63308	113
WYT111	63312	63326	63329	63333	63337	63340	63343	63346	63349	63361	63377	63380	63383	63386	63389	63393	63396	63399	63406	132
AE128	63410	63424	63427	63431	63435	63438	63441	63444	63447	63459	63475	63478	63481	63484	63487	63491	63494	63497	63504	142
AE176	63508	63522	63525	63529	63533	63536	63539	63542	63545	63557	63573	63576	63579	63582	63585	63589	63592	63595	63602	157
BCW21	63606	63620	63623	63627	63631	63634	63637	63640	63643	63655	63671	63674	63677	63680	63683	63687	63690	63693	63700	97
BB55	63704	63718	63721	63725	63729	63732	63735	63738	63741	63753	63769	63772	63775	63778	63781	63785	63788	63791	63798	140
AE91	63802	63816	63819	63823	63827	63830	63833	63836	63839	63851	63867	63870	63873	63876	63879	63883	63886	63889	63896	114
WYT20	63900	63914	63917	63921	63925	63928	63931	63934	63937	63949	63965	63968	63971	63974	63977	63981	63984	63987	63994	148
WYC16	63998	64012	64015	64019	64023	64026	64029	64032	64035	64047	64063	64066	64069	64072	64075	64079	64082	64085	64092	133
AE07	64096	64110	64113	64117	64121	64124	64127	64130	64133	64145	64161	64164	64167	64170	64173	64177	64180	64183	64190	165
WYC13	64194	64208	64211	64215	64219	64222	64225	64228	64231	64243	64259	64262	64265	64268	64271	64275	64278	64281	64288	100
AE159	64292	64306	64309	64313	64317	64320	64323	64326	64329	64341	64357	64360	64363	64366	64369	64373	64376	64379	64386	139
WYT46	64390	64404	64407	64411	64415	64418	64421	64424	64427	64439	64455	64458	64461	64464	64467	64471	64474	64477	64484	120
BB73	64488	64502	64505	64509	64513	64516	64519	64522	64525	64537	64553	64556	64559	64562	64565	64569	64572	64575	64582	89
AE61	64586	64600	64603	64607	64611	64614	64617	64620	64623	64635	64651	64654	64657	64660	64663	64667	64670	64673	64680	151
AE129	64684	64698	64701	64705	64709	64712	64715	64718	64721	64733	64749	64752	64755	64758	64761	64765	64768	64771	64778	136
WYT17	64782	64796	64799	64803	64807	64810	64813	64816	64819	64831	64847	64850	64853	64856	64859	64863	64866	64869	64876	173
WiW02	64880	64894	64897	64901	64905	64908	64911	64914	64917	64929	64945	64948	64951	64954	64957	64961	64964	64967	64974	107
WiW30	64978	64992	64995	64999	65003	65006	65009	65012	65015	65027	65043	65046	65049	65052	65055	65059	65062	65065	65072	75
HW03	65076	65090	65093	65097	65101	65104	65107	65110	65113	65125	65141	65144	65147	65150	65153	65157	65160	65163	65170	188
BB78	65174	65188	65191	65195	65199	65202	65205	65208	65211	65223	65239	65242	65245	65248	65251	65255	65258	65261	65268	109
BB85	65272	65286	65289	65293	65297	65300	65303	65306	65309	65321	65337	65340	65343	65346	65349	65353	65356	65359	65366	83
AE153	65370	65384	65387	65391	65395	65398	65401	65404	65407	65419	65435	65438	65441	65444	65447	65451	65454	65457	65464	110
WYT81	65468	65482	65485	65489	65493	65496	65499	65502	65505	65517	65533	65536	65539	65542	65545	65549	65552	65555	65562	153
WYT93	65566	65580	65583	65587	65591	65594	65597	65600	65603	65615	65631	65634	65637	65640	65643	65647	65650	65653	65660	125
WYT83	65664	65678	65681	65685	65689	65692	65695	65698	65701	65713	65729	65732	65735	65738	65741	65745	65748	65751	65758	127
BWd05	65762	65776	65779	65783	65787	65790	65793	65796	65799	65811	65827	65830	65833	65836	65839	65843	65846	65849	65856	149
WiW33	65860	65874	65877	65881	65885	65888	65891	65894	65897	65909	65925	65928	65931	65934	65937	65941	65944	65947	65954	88
AE41	65958	65972	65975	65979	65983	65986	65989	65992	65995	66007	66023	66026	66029	66032	66035	66039	66042	66045	66052	142
WEL11	66056	66070	66073	66077	66081	66084	66087	66090	66093	66105	66121	66124	66127	66130	66133	66137	66140	66143	66150	120
WP06	66154	66168	66171	66175	66179	66182	66185	66188	66191	66203	66219	66222	66225	66228	66231	66235	66238	66241	66248	209
WYT106	66252	66266	66269	66273	66277	66280	66283	66286	66289	66301	66317	66320	66323	66326	66329	66333	66336	66339	66346	112
AE156	66350	66364	66367	66371	66375	66378	66381	66384	66387	66399	66415	66418	66421	66424	66427	66431	66434	66437	66444	84
BB46	66448	66462	66465	66469	66473	66476	66479	66482	66485	66497	66513	66516	66519	66522	66525	66529	66532	66535	66542	145
AE30	66546	66560	66563	66567	66571	66574	66577	66580	66583	66595	66611	66614	66617	66620	66623	66627	66630	66633	66640	116
