# >> Output from SampleProps2TaxaClusters.pl <<
# >> Input file for the list of clusters: Clusters-NL_Average_StopStep-90_Network-CorSparCC_Time0.pval0.01_cor0.2_w1-t0-d0_4invasion.tsv
# >> Input file for samples to taxa matrix: 20151016_OTU_remainder.clean.quoteFALSE.csv
# >> Identifiers of the clusters: 
# >> :  2 42 3 22 10 33 13 6 4 18 11 32 37 45 50 55
# >> Labels of the clusters: 
# >> :  Yellow Red Green Orange LightGreen OliveBrown Pink Black
# >> This output file: /home/apascual/Nextcloud/Research/Projects/FunctionalGroups/Invasion/functionInk/SamplePropsOFtaxaClus_Time0_NL_Average_StopStep-90_SpCount.dat
# >> Running at date:  (mm,dd,yy) 4, 10, 2020, and time: 20:16:57,
# >> Theoretical biology, ETH-Zürich, A.P-G.
#WARNING: Abundances values are LOG-transformed 
# 
Sample	C2	C42	C3	C22	C10	C33	C13	C6	C4	C18	C11	C32	C37	C45	C50	C55	Total 
PH12	14	16	19	26	40	44	47	51	62	66	70	73	76	79	81	84	109
SAC11	98	100	103	110	124	128	131	135	146	150	154	157	160	163	165	168	179
WP14	182	184	187	194	208	212	215	219	230	234	238	241	244	247	249	252	104
BB18	266	268	271	278	292	296	299	303	314	318	322	325	328	331	333	336	101
AE146	350	352	355	362	376	380	383	387	398	402	406	409	412	415	417	420	145
AE175	434	436	439	446	460	464	467	471	482	486	490	493	496	499	501	504	113
BB70	518	520	523	530	544	548	551	555	566	570	574	577	580	583	585	588	91
AE18	602	604	607	614	628	632	635	639	650	654	658	661	664	667	669	672	114
BWd01	686	688	691	698	712	716	719	723	734	738	742	745	748	751	753	756	144
BB46	770	772	775	782	796	800	803	807	818	822	826	829	832	835	837	840	147
BB97	854	856	859	866	880	884	887	891	902	906	910	913	916	919	921	924	87
WiW48	938	940	943	950	964	968	971	975	986	990	994	997	1000	1003	1005	1008	124
WYT33	1022	1024	1027	1034	1048	1052	1055	1059	1070	1074	1078	1081	1084	1087	1089	1092	139
BCW04	1106	1108	1111	1118	1132	1136	1139	1143	1154	1158	1162	1165	1168	1171	1173	1176	139
WYT13	1190	1192	1195	1202	1216	1220	1223	1227	1238	1242	1246	1249	1252	1255	1257	1260	135
AE61	1274	1276	1279	1286	1300	1304	1307	1311	1322	1326	1330	1333	1336	1339	1341	1344	156
PH08	1358	1360	1363	1370	1384	1388	1391	1395	1406	1410	1414	1417	1420	1423	1425	1428	127
BB80	1442	1444	1447	1454	1468	1472	1475	1479	1490	1494	1498	1501	1504	1507	1509	1512	109
AE102	1526	1528	1531	1538	1552	1556	1559	1563	1574	1578	1582	1585	1588	1591	1593	1596	135
WYM11	1610	1612	1615	1622	1636	1640	1643	1647	1658	1662	1666	1669	1672	1675	1677	1680	161
WEL02	1694	1696	1699	1706	1720	1724	1727	1731	1742	1746	1750	1753	1756	1759	1761	1764	242
WYC32	1778	1780	1783	1790	1804	1808	1811	1815	1826	1830	1834	1837	1840	1843	1845	1848	168
AE25	1862	1864	1867	1874	1888	1892	1895	1899	1910	1914	1918	1921	1924	1927	1929	1932	150
AE96	1946	1948	1951	1958	1972	1976	1979	1983	1994	1998	2002	2005	2008	2011	2013	2016	118
BW23	2030	2032	2035	2042	2056	2060	2063	2067	2078	2082	2086	2089	2092	2095	2097	2100	163
AE11	2114	2116	2119	2126	2140	2144	2147	2151	2162	2166	2170	2173	2176	2179	2181	2184	157
WYT41	2198	2200	2203	2210	2224	2228	2231	2235	2246	2250	2254	2257	2260	2263	2265	2268	128
AE40	2282	2284	2287	2294	2308	2312	2315	2319	2330	2334	2338	2341	2344	2347	2349	2352	140
BCW21	2366	2368	2371	2378	2392	2396	2399	2403	2414	2418	2422	2425	2428	2431	2433	2436	98
WYC30	2450	2452	2455	2462	2476	2480	2483	2487	2498	2502	2506	2509	2512	2515	2517	2520	124
WYT99	2534	2536	2539	2546	2560	2564	2567	2571	2582	2586	2590	2593	2596	2599	2601	2604	147
BB38	2618	2620	2623	2630	2644	2648	2651	2655	2666	2670	2674	2677	2680	2683	2685	2688	118
BB14	2702	2704	2707	2714	2728	2732	2735	2739	2750	2754	2758	2761	2764	2767	2769	2772	178
WYT92	2786	2788	2791	2798	2812	2816	2819	2823	2834	2838	2842	2845	2848	2851	2853	2856	107
WiW56	2870	2872	2875	2882	2896	2900	2903	2907	2918	2922	2926	2929	2932	2935	2937	2940	123
AE47	2954	2956	2959	2966	2980	2984	2987	2991	3002	3006	3010	3013	3016	3019	3021	3024	166
BW01	3038	3040	3043	3050	3064	3068	3071	3075	3086	3090	3094	3097	3100	3103	3105	3108	147
AE131	3122	3124	3127	3134	3148	3152	3155	3159	3170	3174	3178	3181	3184	3187	3189	3192	110
BWd03	3206	3208	3211	3218	3232	3236	3239	3243	3254	3258	3262	3265	3268	3271	3273	3276	131
WYT36	3290	3292	3295	3302	3316	3320	3323	3327	3338	3342	3346	3349	3352	3355	3357	3360	123
WYT53	3374	3376	3379	3386	3400	3404	3407	3411	3422	3426	3430	3433	3436	3439	3441	3444	135
HW10	3458	3460	3463	3470	3484	3488	3491	3495	3506	3510	3514	3517	3520	3523	3525	3528	173
WYM28	3542	3544	3547	3554	3568	3572	3575	3579	3590	3594	3598	3601	3604	3607	3609	3612	116
HW09	3626	3628	3631	3638	3652	3656	3659	3663	3674	3678	3682	3685	3688	3691	3693	3696	178
BW18	3710	3712	3715	3722	3736	3740	3743	3747	3758	3762	3766	3769	3772	3775	3777	3780	153
BW02	3794	3796	3799	3806	3820	3824	3827	3831	3842	3846	3850	3853	3856	3859	3861	3864	138
WYT114	3878	3880	3883	3890	3904	3908	3911	3915	3926	3930	3934	3937	3940	3943	3945	3948	104
WGP08	3962	3964	3967	3974	3988	3992	3995	3999	4010	4014	4018	4021	4024	4027	4029	4032	107
WYT49	4046	4048	4051	4058	4072	4076	4079	4083	4094	4098	4102	4105	4108	4111	4113	4116	142
WYT77	4130	4132	4135	4142	4156	4160	4163	4167	4178	4182	4186	4189	4192	4195	4197	4200	168
BB81	4214	4216	4219	4226	4240	4244	4247	4251	4262	4266	4270	4273	4276	4279	4281	4284	124
AE160	4298	4300	4303	4310	4324	4328	4331	4335	4346	4350	4354	4357	4360	4363	4365	4368	140
AE178	4382	4384	4387	4394	4408	4412	4415	4419	4430	4434	4438	4441	4444	4447	4449	4452	161
LW10	4466	4468	4471	4478	4492	4496	4499	4503	4514	4518	4522	4525	4528	4531	4533	4536	157
HW02	4550	4552	4555	4562	4576	4580	4583	4587	4598	4602	4606	4609	4612	4615	4617	4620	167
WiW19	4634	4636	4639	4646	4660	4664	4667	4671	4682	4686	4690	4693	4696	4699	4701	4704	174
BCW03	4718	4720	4723	4730	4744	4748	4751	4755	4766	4770	4774	4777	4780	4783	4785	4788	97
WYC33	4802	4804	4807	4814	4828	4832	4835	4839	4850	4854	4858	4861	4864	4867	4869	4872	132
AE82	4886	4888	4891	4898	4912	4916	4919	4923	4934	4938	4942	4945	4948	4951	4953	4956	128
BB94	4970	4972	4975	4982	4996	5000	5003	5007	5018	5022	5026	5029	5032	5035	5037	5040	95
WGP19	5054	5056	5059	5066	5080	5084	5087	5091	5102	5106	5110	5113	5116	5119	5121	5124	107
BB34	5138	5140	5143	5150	5164	5168	5171	5175	5186	5190	5194	5197	5200	5203	5205	5208	162
WYM30	5222	5224	5227	5234	5248	5252	5255	5259	5270	5274	5278	5281	5284	5287	5289	5292	136
BW19	5306	5308	5311	5318	5332	5336	5339	5343	5354	5358	5362	5365	5368	5371	5373	5376	133
AE29	5390	5392	5395	5402	5416	5420	5423	5427	5438	5442	5446	5449	5452	5455	5457	5460	138
WYM08	5474	5476	5479	5486	5500	5504	5507	5511	5522	5526	5530	5533	5536	5539	5541	5544	151
AE143	5558	5560	5563	5570	5584	5588	5591	5595	5606	5610	5614	5617	5620	5623	5625	5628	143
WGP05	5642	5644	5647	5654	5668	5672	5675	5679	5690	5694	5698	5701	5704	5707	5709	5712	143
WYT58	5726	5728	5731	5738	5752	5756	5759	5763	5774	5778	5782	5785	5788	5791	5793	5796	104
HW11	5810	5812	5815	5822	5836	5840	5843	5847	5858	5862	5866	5869	5872	5875	5877	5880	138
BW12	5894	5896	5899	5906	5920	5924	5927	5931	5942	5946	5950	5953	5956	5959	5961	5964	180
WYT47	5978	5980	5983	5990	6004	6008	6011	6015	6026	6030	6034	6037	6040	6043	6045	6048	105
PH17	6062	6064	6067	6074	6088	6092	6095	6099	6110	6114	6118	6121	6124	6127	6129	6132	150
BB68	6146	6148	6151	6158	6172	6176	6179	6183	6194	6198	6202	6205	6208	6211	6213	6216	83
AE34	6230	6232	6235	6242	6256	6260	6263	6267	6278	6282	6286	6289	6292	6295	6297	6300	123
WYT96	6314	6316	6319	6326	6340	6344	6347	6351	6362	6366	6370	6373	6376	6379	6381	6384	127
OWW01	6398	6400	6403	6410	6424	6428	6431	6435	6446	6450	6454	6457	6460	6463	6465	6468	155
AE117	6482	6484	6487	6494	6508	6512	6515	6519	6530	6534	6538	6541	6544	6547	6549	6552	144
AE134	6566	6568	6571	6578	6592	6596	6599	6603	6614	6618	6622	6625	6628	6631	6633	6636	129
BCW20	6650	6652	6655	6662	6676	6680	6683	6687	6698	6702	6706	6709	6712	6715	6717	6720	115
WGP16	6734	6736	6739	6746	6760	6764	6767	6771	6782	6786	6790	6793	6796	6799	6801	6804	165
BW08	6818	6820	6823	6830	6844	6848	6851	6855	6866	6870	6874	6877	6880	6883	6885	6888	142
WiW52	6902	6904	6907	6914	6928	6932	6935	6939	6950	6954	6958	6961	6964	6967	6969	6972	125
AE136	6986	6988	6991	6998	7012	7016	7019	7023	7034	7038	7042	7045	7048	7051	7053	7056	157
AE64	7070	7072	7075	7082	7096	7100	7103	7107	7118	7122	7126	7129	7132	7135	7137	7140	158
AE118	7154	7156	7159	7166	7180	7184	7187	7191	7202	7206	7210	7213	7216	7219	7221	7224	210
WiW30	7238	7240	7243	7250	7264	7268	7271	7275	7286	7290	7294	7297	7300	7303	7305	7308	149
AE59	7322	7324	7327	7334	7348	7352	7355	7359	7370	7374	7378	7381	7384	7387	7389	7392	150
WGP12	7406	7408	7411	7418	7432	7436	7439	7443	7454	7458	7462	7465	7468	7471	7473	7476	152
AE02	7490	7492	7495	7502	7516	7520	7523	7527	7538	7542	7546	7549	7552	7555	7557	7560	142
WEL18	7574	7576	7579	7586	7600	7604	7607	7611	7622	7626	7630	7633	7636	7639	7641	7644	127
AE173	7658	7660	7663	7670	7684	7688	7691	7695	7706	7710	7714	7717	7720	7723	7725	7728	74
HW03	7742	7744	7747	7754	7768	7772	7775	7779	7790	7794	7798	7801	7804	7807	7809	7812	196
WYT10	7826	7828	7831	7838	7852	7856	7859	7863	7874	7878	7882	7885	7888	7891	7893	7896	138
AE62	7910	7912	7915	7922	7936	7940	7943	7947	7958	7962	7966	7969	7972	7975	7977	7980	144
AE104	7994	7996	7999	8006	8020	8024	8027	8031	8042	8046	8050	8053	8056	8059	8061	8064	186
WEL14	8078	8080	8083	8090	8104	8108	8111	8115	8126	8130	8134	8137	8140	8143	8145	8148	206
WiW25	8162	8164	8167	8174	8188	8192	8195	8199	8210	8214	8218	8221	8224	8227	8229	8232	137
AE154	8246	8248	8251	8258	8272	8276	8279	8283	8294	8298	8302	8305	8308	8311	8313	8316	87
AE15	8330	8332	8335	8342	8356	8360	8363	8367	8378	8382	8386	8389	8392	8395	8397	8400	151
HW01	8414	8416	8419	8426	8440	8444	8447	8451	8462	8466	8470	8473	8476	8479	8481	8484	162
BW06	8498	8500	8503	8510	8524	8528	8531	8535	8546	8550	8554	8557	8560	8563	8565	8568	153
WYM44	8582	8584	8587	8594	8608	8612	8615	8619	8630	8634	8638	8641	8644	8647	8649	8652	108
WEL19	8666	8668	8671	8678	8692	8696	8699	8703	8714	8718	8722	8725	8728	8731	8733	8736	137
AE17	8750	8752	8755	8762	8776	8780	8783	8787	8798	8802	8806	8809	8812	8815	8817	8820	159
BB04	8834	8836	8839	8846	8860	8864	8867	8871	8882	8886	8890	8893	8896	8899	8901	8904	168
WEL24	8918	8920	8923	8930	8944	8948	8951	8955	8966	8970	8974	8977	8980	8983	8985	8988	183
WGP20	9002	9004	9007	9014	9028	9032	9035	9039	9050	9054	9058	9061	9064	9067	9069	9072	127
AE177	9086	9088	9091	9098	9112	9116	9119	9123	9134	9138	9142	9145	9148	9151	9153	9156	108
AE124	9170	9172	9175	9182	9196	9200	9203	9207	9218	9222	9226	9229	9232	9235	9237	9240	110
WYT81	9254	9256	9259	9266	9280	9284	9287	9291	9302	9306	9310	9313	9316	9319	9321	9324	158
WiW17	9338	9340	9343	9350	9364	9368	9371	9375	9386	9390	9394	9397	9400	9403	9405	9408	163
WYT43	9422	9424	9427	9434	9448	9452	9455	9459	9470	9474	9478	9481	9484	9487	9489	9492	116
WiW18	9506	9508	9511	9518	9532	9536	9539	9543	9554	9558	9562	9565	9568	9571	9573	9576	126
AE38	9590	9592	9595	9602	9616	9620	9623	9627	9638	9642	9646	9649	9652	9655	9657	9660	122
WYM14	9674	9676	9679	9686	9700	9704	9707	9711	9722	9726	9730	9733	9736	9739	9741	9744	155
BB53	9758	9760	9763	9770	9784	9788	9791	9795	9806	9810	9814	9817	9820	9823	9825	9828	87
BB21	9842	9844	9847	9854	9868	9872	9875	9879	9890	9894	9898	9901	9904	9907	9909	9912	104
AE112	9926	9928	9931	9938	9952	9956	9959	9963	9974	9978	9982	9985	9988	9991	9993	9996	141
WEL05	10010	10012	10015	10022	10036	10040	10043	10047	10058	10062	10066	10069	10072	10075	10077	10080	207
BCW14	10094	10096	10099	10106	10120	10124	10127	10131	10142	10146	10150	10153	10156	10159	10161	10164	139
WYC04	10178	10180	10183	10190	10204	10208	10211	10215	10226	10230	10234	10237	10240	10243	10245	10248	136
WEL10	10262	10264	10267	10274	10288	10292	10295	10299	10310	10314	10318	10321	10324	10327	10329	10332	152
AE152	10346	10348	10351	10358	10372	10376	10379	10383	10394	10398	10402	10405	10408	10411	10413	10416	113
WYT45	10430	10432	10435	10442	10456	10460	10463	10467	10478	10482	10486	10489	10492	10495	10497	10500	109
WYT01	10514	10516	10519	10526	10540	10544	10547	10551	10562	10566	10570	10573	10576	10579	10581	10584	123
BCW26	10598	10600	10603	10610	10624	10628	10631	10635	10646	10650	10654	10657	10660	10663	10665	10668	142
BB06	10682	10684	10687	10694	10708	10712	10715	10719	10730	10734	10738	10741	10744	10747	10749	10752	187
BW24	10766	10768	10771	10778	10792	10796	10799	10803	10814	10818	10822	10825	10828	10831	10833	10836	171
AE168	10850	10852	10855	10862	10876	10880	10883	10887	10898	10902	10906	10909	10912	10915	10917	10920	126
WEL15	10934	10936	10939	10946	10960	10964	10967	10971	10982	10986	10990	10993	10996	10999	11001	11004	94
WF07	11018	11020	11023	11030	11044	11048	11051	11055	11066	11070	11074	11077	11080	11083	11085	11088	163
AE105	11102	11104	11107	11114	11128	11132	11135	11139	11150	11154	11158	11161	11164	11167	11169	11172	145
BB69	11186	11188	11191	11198	11212	11216	11219	11223	11234	11238	11242	11245	11248	11251	11253	11256	109
WiW08	11270	11272	11275	11282	11296	11300	11303	11307	11318	11322	11326	11329	11332	11335	11337	11340	145
AE171	11354	11356	11359	11366	11380	11384	11387	11391	11402	11406	11410	11413	11416	11419	11421	11424	92
WiW34	11438	11440	11443	11450	11464	11468	11471	11475	11486	11490	11494	11497	11500	11503	11505	11508	128
WiW42	11522	11524	11527	11534	11548	11552	11555	11559	11570	11574	11578	11581	11584	11587	11589	11592	101
BWd05	11606	11608	11611	11618	11632	11636	11639	11643	11654	11658	11662	11665	11668	11671	11673	11676	148
WiW33	11690	11692	11695	11702	11716	11720	11723	11727	11738	11742	11746	11749	11752	11755	11757	11760	125
AE56	11774	11776	11779	11786	11800	11804	11807	11811	11822	11826	11830	11833	11836	11839	11841	11844	172
AE139	11858	11860	11863	11870	11884	11888	11891	11895	11906	11910	11914	11917	11920	11923	11925	11928	155
WYM36	11942	11944	11947	11954	11968	11972	11975	11979	11990	11994	11998	12001	12004	12007	12009	12012	113
SAC03	12026	12028	12031	12038	12052	12056	12059	12063	12074	12078	12082	12085	12088	12091	12093	12096	152
WiW35	12110	12112	12115	12122	12136	12140	12143	12147	12158	12162	12166	12169	12172	12175	12177	12180	110
WYD01	12194	12196	12199	12206	12220	12224	12227	12231	12242	12246	12250	12253	12256	12259	12261	12264	152
WYC22	12278	12280	12283	12290	12304	12308	12311	12315	12326	12330	12334	12337	12340	12343	12345	12348	100
BB50	12362	12364	12367	12374	12388	12392	12395	12399	12410	12414	12418	12421	12424	12427	12429	12432	125
AE157	12446	12448	12451	12458	12472	12476	12479	12483	12494	12498	12502	12505	12508	12511	12513	12516	115
PH04	12530	12532	12535	12542	12556	12560	12563	12567	12578	12582	12586	12589	12592	12595	12597	12600	145
WYC08	12614	12616	12619	12626	12640	12644	12647	12651	12662	12666	12670	12673	12676	12679	12681	12684	148
AE44	12698	12700	12703	12710	12724	12728	12731	12735	12746	12750	12754	12757	12760	12763	12765	12768	147
OWW02	12782	12784	12787	12794	12808	12812	12815	12819	12830	12834	12838	12841	12844	12847	12849	12852	147
WYT82	12866	12868	12871	12878	12892	12896	12899	12903	12914	12918	12922	12925	12928	12931	12933	12936	131
WYT90	12950	12952	12955	12962	12976	12980	12983	12987	12998	13002	13006	13009	13012	13015	13017	13020	122
BB24	13034	13036	13039	13046	13060	13064	13067	13071	13082	13086	13090	13093	13096	13099	13101	13104	102
AE42	13118	13120	13123	13130	13144	13148	13151	13155	13166	13170	13174	13177	13180	13183	13185	13188	151
SAC04	13202	13204	13207	13214	13228	13232	13235	13239	13250	13254	13258	13261	13264	13267	13269	13272	152
WYT23	13286	13288	13291	13298	13312	13316	13319	13323	13334	13338	13342	13345	13348	13351	13353	13356	156
WEL12	13370	13372	13375	13382	13396	13400	13403	13407	13418	13422	13426	13429	13432	13435	13437	13440	110
PH21	13454	13456	13459	13466	13480	13484	13487	13491	13502	13506	13510	13513	13516	13519	13521	13524	173
BW03	13538	13540	13543	13550	13564	13568	13571	13575	13586	13590	13594	13597	13600	13603	13605	13608	163
WYM13	13622	13624	13627	13634	13648	13652	13655	13659	13670	13674	13678	13681	13684	13687	13689	13692	203
WP15	13706	13708	13711	13718	13732	13736	13739	13743	13754	13758	13762	13765	13768	13771	13773	13776	124
BB23	13790	13792	13795	13802	13816	13820	13823	13827	13838	13842	13846	13849	13852	13855	13857	13860	117
WF01	13874	13876	13879	13886	13900	13904	13907	13911	13922	13926	13930	13933	13936	13939	13941	13944	156
WYM09	13958	13960	13963	13970	13984	13988	13991	13995	14006	14010	14014	14017	14020	14023	14025	14028	129
SP13	14042	14044	14047	14054	14068	14072	14075	14079	14090	14094	14098	14101	14104	14107	14109	14112	141
WEL17	14126	14128	14131	14138	14152	14156	14159	14163	14174	14178	14182	14185	14188	14191	14193	14196	142
OWW07	14210	14212	14215	14222	14236	14240	14243	14247	14258	14262	14266	14269	14272	14275	14277	14280	125
AE144	14294	14296	14299	14306	14320	14324	14327	14331	14342	14346	14350	14353	14356	14359	14361	14364	174
AE150	14378	14380	14383	14390	14404	14408	14411	14415	14426	14430	14434	14437	14440	14443	14445	14448	184
PH14	14462	14464	14467	14474	14488	14492	14495	14499	14510	14514	14518	14521	14524	14527	14529	14532	142
BB11	14546	14548	14551	14558	14572	14576	14579	14583	14594	14598	14602	14605	14608	14611	14613	14616	164
WYM17	14630	14632	14635	14642	14656	14660	14663	14667	14678	14682	14686	14689	14692	14695	14697	14700	115
WGP10	14714	14716	14719	14726	14740	14744	14747	14751	14762	14766	14770	14773	14776	14779	14781	14784	175
WYT89	14798	14800	14803	14810	14824	14828	14831	14835	14846	14850	14854	14857	14860	14863	14865	14868	122
WYT67	14882	14884	14887	14894	14908	14912	14915	14919	14930	14934	14938	14941	14944	14947	14949	14952	123
BB05	14966	14968	14971	14978	14992	14996	14999	15003	15014	15018	15022	15025	15028	15031	15033	15036	201
WYC34	15050	15052	15055	15062	15076	15080	15083	15087	15098	15102	15106	15109	15112	15115	15117	15120	122
WiW13	15134	15136	15139	15146	15160	15164	15167	15171	15182	15186	15190	15193	15196	15199	15201	15204	159
BB45	15218	15220	15223	15230	15244	15248	15251	15255	15266	15270	15274	15277	15280	15283	15285	15288	143
PH02	15302	15304	15307	15314	15328	15332	15335	15339	15350	15354	15358	15361	15364	15367	15369	15372	143
WYM34	15386	15388	15391	15398	15412	15416	15419	15423	15434	15438	15442	15445	15448	15451	15453	15456	143
BW20	15470	15472	15475	15482	15496	15500	15503	15507	15518	15522	15526	15529	15532	15535	15537	15540	137
WiW09	15554	15556	15559	15566	15580	15584	15587	15591	15602	15606	15610	15613	15616	15619	15621	15624	146
AE57	15638	15640	15643	15650	15664	15668	15671	15675	15686	15690	15694	15697	15700	15703	15705	15708	148
BW17	15722	15724	15727	15734	15748	15752	15755	15759	15770	15774	15778	15781	15784	15787	15789	15792	144
WYT66	15806	15808	15811	15818	15832	15836	15839	15843	15854	15858	15862	15865	15868	15871	15873	15876	155
WYT107	15890	15892	15895	15902	15916	15920	15923	15927	15938	15942	15946	15949	15952	15955	15957	15960	125
BB98	15974	15976	15979	15986	16000	16004	16007	16011	16022	16026	16030	16033	16036	16039	16041	16044	141
WP02	16058	16060	16063	16070	16084	16088	16091	16095	16106	16110	16114	16117	16120	16123	16125	16128	164
BB51	16142	16144	16147	16154	16168	16172	16175	16179	16190	16194	16198	16201	16204	16207	16209	16212	102
WiW29	16226	16228	16231	16238	16252	16256	16259	16263	16274	16278	16282	16285	16288	16291	16293	16296	128
BB86	16310	16312	16315	16322	16336	16340	16343	16347	16358	16362	16366	16369	16372	16375	16377	16380	110
SP15	16394	16396	16399	16406	16420	16424	16427	16431	16442	16446	16450	16453	16456	16459	16461	16464	127
AE149	16478	16480	16483	16490	16504	16508	16511	16515	16526	16530	16534	16537	16540	16543	16545	16548	160
WiW45	16562	16564	16567	16574	16588	16592	16595	16599	16610	16614	16618	16621	16624	16627	16629	16632	134
PH15	16646	16648	16651	16658	16672	16676	16679	16683	16694	16698	16702	16705	16708	16711	16713	16716	109
AE66	16730	16732	16735	16742	16756	16760	16763	16767	16778	16782	16786	16789	16792	16795	16797	16800	133
BCW11	16814	16816	16819	16826	16840	16844	16847	16851	16862	16866	16870	16873	16876	16879	16881	16884	146
AE30	16898	16900	16903	16910	16924	16928	16931	16935	16946	16950	16954	16957	16960	16963	16965	16968	122
SAC07	16982	16984	16987	16994	17008	17012	17015	17019	17030	17034	17038	17041	17044	17047	17049	17052	101
AE91	17066	17068	17071	17078	17092	17096	17099	17103	17114	17118	17122	17125	17128	17131	17133	17136	115
PH03	17150	17152	17155	17162	17176	17180	17183	17187	17198	17202	17206	17209	17212	17215	17217	17220	166
BB89	17234	17236	17239	17246	17260	17264	17267	17271	17282	17286	17290	17293	17296	17299	17301	17304	104
WYM43	17318	17320	17323	17330	17344	17348	17351	17355	17366	17370	17374	17377	17380	17383	17385	17388	128
OWW11	17402	17404	17407	17414	17428	17432	17435	17439	17450	17454	17458	17461	17464	17467	17469	17472	128
SAC02	17486	17488	17491	17498	17512	17516	17519	17523	17534	17538	17542	17545	17548	17551	17553	17556	105
WYT97	17570	17572	17575	17582	17596	17600	17603	17607	17618	17622	17626	17629	17632	17635	17637	17640	103
WYM42	17654	17656	17659	17666	17680	17684	17687	17691	17702	17706	17710	17713	17716	17719	17721	17724	137
AE60	17738	17740	17743	17750	17764	17768	17771	17775	17786	17790	17794	17797	17800	17803	17805	17808	155
WYC36	17822	17824	17827	17834	17848	17852	17855	17859	17870	17874	17878	17881	17884	17887	17889	17892	152
WYT113	17906	17908	17911	17918	17932	17936	17939	17943	17954	17958	17962	17965	17968	17971	17973	17976	125
WYT105	17990	17992	17995	18002	18016	18020	18023	18027	18038	18042	18046	18049	18052	18055	18057	18060	114
BB16	18074	18076	18079	18086	18100	18104	18107	18111	18122	18126	18130	18133	18136	18139	18141	18144	174
AE41	18158	18160	18163	18170	18184	18188	18191	18195	18206	18210	18214	18217	18220	18223	18225	18228	142
WYT85	18242	18244	18247	18254	18268	18272	18275	18279	18290	18294	18298	18301	18304	18307	18309	18312	147
WYT80	18326	18328	18331	18338	18352	18356	18359	18363	18374	18378	18382	18385	18388	18391	18393	18396	110
SAC13	18410	18412	18415	18422	18436	18440	18443	18447	18458	18462	18466	18469	18472	18475	18477	18480	184
BB90	18494	18496	18499	18506	18520	18524	18527	18531	18542	18546	18550	18553	18556	18559	18561	18564	92
AE163	18578	18580	18583	18590	18604	18608	18611	18615	18626	18630	18634	18637	18640	18643	18645	18648	108
WP04	18662	18664	18667	18674	18688	18692	18695	18699	18710	18714	18718	18721	18724	18727	18729	18732	152
BB71	18746	18748	18751	18758	18772	18776	18779	18783	18794	18798	18802	18805	18808	18811	18813	18816	98
AE161	18830	18832	18835	18842	18856	18860	18863	18867	18878	18882	18886	18889	18892	18895	18897	18900	102
AE31	18914	18916	18919	18926	18940	18944	18947	18951	18962	18966	18970	18973	18976	18979	18981	18984	129
PH09	18998	19000	19003	19010	19024	19028	19031	19035	19046	19050	19054	19057	19060	19063	19065	19068	119
BCW13	19082	19084	19087	19094	19108	19112	19115	19119	19130	19134	19138	19141	19144	19147	19149	19152	141
WGP17	19166	19168	19171	19178	19192	19196	19199	19203	19214	19218	19222	19225	19228	19231	19233	19236	133
BW22	19250	19252	19255	19262	19276	19280	19283	19287	19298	19302	19306	19309	19312	19315	19317	19320	161
WYT59	19334	19336	19339	19346	19360	19364	19367	19371	19382	19386	19390	19393	19396	19399	19401	19404	114
WYM05	19418	19420	19423	19430	19444	19448	19451	19455	19466	19470	19474	19477	19480	19483	19485	19488	162
AE36	19502	19504	19507	19514	19528	19532	19535	19539	19550	19554	19558	19561	19564	19567	19569	19572	131
WEL07	19586	19588	19591	19598	19612	19616	19619	19623	19634	19638	19642	19645	19648	19651	19653	19656	195
BB25	19670	19672	19675	19682	19696	19700	19703	19707	19718	19722	19726	19729	19732	19735	19737	19740	126
WYT22	19754	19756	19759	19766	19780	19784	19787	19791	19802	19806	19810	19813	19816	19819	19821	19824	153
BW04	19838	19840	19843	19850	19864	19868	19871	19875	19886	19890	19894	19897	19900	19903	19905	19908	153
WYT42	19922	19924	19927	19934	19948	19952	19955	19959	19970	19974	19978	19981	19984	19987	19989	19992	126
WiW15	20006	20008	20011	20018	20032	20036	20039	20043	20054	20058	20062	20065	20068	20071	20073	20076	149
AE04	20090	20092	20095	20102	20116	20120	20123	20127	20138	20142	20146	20149	20152	20155	20157	20160	146
WYT71	20174	20176	20179	20186	20200	20204	20207	20211	20222	20226	20230	20233	20236	20239	20241	20244	137
BCW07	20258	20260	20263	20270	20284	20288	20291	20295	20306	20310	20314	20317	20320	20323	20325	20328	111
WiW31	20342	20344	20347	20354	20368	20372	20375	20379	20390	20394	20398	20401	20404	20407	20409	20412	130
WYC13	20426	20428	20431	20438	20452	20456	20459	20463	20474	20478	20482	20485	20488	20491	20493	20496	99
BB54	20510	20512	20515	20522	20536	20540	20543	20547	20558	20562	20566	20569	20572	20575	20577	20580	113
AE07	20594	20596	20599	20606	20620	20624	20627	20631	20642	20646	20650	20653	20656	20659	20661	20664	170
AE68	20678	20680	20683	20690	20704	20708	20711	20715	20726	20730	20734	20737	20740	20743	20745	20748	104
WP09	20762	20764	20767	20774	20788	20792	20795	20799	20810	20814	20818	20821	20824	20827	20829	20832	111
WYC03	20846	20848	20851	20858	20872	20876	20879	20883	20894	20898	20902	20905	20908	20911	20913	20916	149
WEL23	20930	20932	20935	20942	20956	20960	20963	20967	20978	20982	20986	20989	20992	20995	20997	21000	161
WYT14	21014	21016	21019	21026	21040	21044	21047	21051	21062	21066	21070	21073	21076	21079	21081	21084	141
AE159	21098	21100	21103	21110	21124	21128	21131	21135	21146	21150	21154	21157	21160	21163	21165	21168	144
WYM07	21182	21184	21187	21194	21208	21212	21215	21219	21230	21234	21238	21241	21244	21247	21249	21252	157
WEL25	21266	21268	21271	21278	21292	21296	21299	21303	21314	21318	21322	21325	21328	21331	21333	21336	155
AE65	21350	21352	21355	21362	21376	21380	21383	21387	21398	21402	21406	21409	21412	21415	21417	21420	115
SAC16	21434	21436	21439	21446	21460	21464	21467	21471	21482	21486	21490	21493	21496	21499	21501	21504	166
BW10	21518	21520	21523	21530	21544	21548	21551	21555	21566	21570	21574	21577	21580	21583	21585	21588	173
AE147	21602	21604	21607	21614	21628	21632	21635	21639	21650	21654	21658	21661	21664	21667	21669	21672	174
WGP14	21686	21688	21691	21698	21712	21716	21719	21723	21734	21738	21742	21745	21748	21751	21753	21756	147
AE54	21770	21772	21775	21782	21796	21800	21803	21807	21818	21822	21826	21829	21832	21835	21837	21840	152
WYM20	21854	21856	21859	21866	21880	21884	21887	21891	21902	21906	21910	21913	21916	21919	21921	21924	136
WiW28	21938	21940	21943	21950	21964	21968	21971	21975	21986	21990	21994	21997	22000	22003	22005	22008	136
BCW19	22022	22024	22027	22034	22048	22052	22055	22059	22070	22074	22078	22081	22084	22087	22089	22092	88
BWd02	22106	22108	22111	22118	22132	22136	22139	22143	22154	22158	22162	22165	22168	22171	22173	22176	160
WYM04	22190	22192	22195	22202	22216	22220	22223	22227	22238	22242	22246	22249	22252	22255	22257	22260	138
BB36	22274	22276	22279	22286	22300	22304	22307	22311	22322	22326	22330	22333	22336	22339	22341	22344	105
WGP01	22358	22360	22363	22370	22384	22388	22391	22395	22406	22410	22414	22417	22420	22423	22425	22428	132
WYC39	22442	22444	22447	22454	22468	22472	22475	22479	22490	22494	22498	22501	22504	22507	22509	22512	150
WYT104	22526	22528	22531	22538	22552	22556	22559	22563	22574	22578	22582	22585	22588	22591	22593	22596	131
WP08	22610	22612	22615	22622	22636	22640	22643	22647	22658	22662	22666	22669	22672	22675	22677	22680	164
BWd06	22694	22696	22699	22706	22720	22724	22727	22731	22742	22746	22750	22753	22756	22759	22761	22764	112
WYT86	22778	22780	22783	22790	22804	22808	22811	22815	22826	22830	22834	22837	22840	22843	22845	22848	167
WYT115	22862	22864	22867	22874	22888	22892	22895	22899	22910	22914	22918	22921	22924	22927	22929	22932	121
AE20	22946	22948	22951	22958	22972	22976	22979	22983	22994	22998	23002	23005	23008	23011	23013	23016	102
AE135	23030	23032	23035	23042	23056	23060	23063	23067	23078	23082	23086	23089	23092	23095	23097	23100	136
PH01	23114	23116	23119	23126	23140	23144	23147	23151	23162	23166	23170	23173	23176	23179	23181	23184	157
WGP04	23198	23200	23203	23210	23224	23228	23231	23235	23246	23250	23254	23257	23260	23263	23265	23268	104
BCW10	23282	23284	23287	23294	23308	23312	23315	23319	23330	23334	23338	23341	23344	23347	23349	23352	141
BB93	23366	23368	23371	23378	23392	23396	23399	23403	23414	23418	23422	23425	23428	23431	23433	23436	86
WYM37	23450	23452	23455	23462	23476	23480	23483	23487	23498	23502	23506	23509	23512	23515	23517	23520	124
BB84	23534	23536	23539	23546	23560	23564	23567	23571	23582	23586	23590	23593	23596	23599	23601	23604	106
AE115	23618	23620	23623	23630	23644	23648	23651	23655	23666	23670	23674	23677	23680	23683	23685	23688	153
SP14	23702	23704	23707	23714	23728	23732	23735	23739	23750	23754	23758	23761	23764	23767	23769	23772	155
WiW02	23786	23788	23791	23798	23812	23816	23819	23823	23834	23838	23842	23845	23848	23851	23853	23856	108
WYT16	23870	23872	23875	23882	23896	23900	23903	23907	23918	23922	23926	23929	23932	23935	23937	23940	110
AE99	23954	23956	23959	23966	23980	23984	23987	23991	24002	24006	24010	24013	24016	24019	24021	24024	167
WYT54	24038	24040	24043	24050	24064	24068	24071	24075	24086	24090	24094	24097	24100	24103	24105	24108	131
PH22	24122	24124	24127	24134	24148	24152	24155	24159	24170	24174	24178	24181	24184	24187	24189	24192	157
WiW36	24206	24208	24211	24218	24232	24236	24239	24243	24254	24258	24262	24265	24268	24271	24273	24276	126
LW07	24290	24292	24295	24302	24316	24320	24323	24327	24338	24342	24346	24349	24352	24355	24357	24360	171
WiW10	24374	24376	24379	24386	24400	24404	24407	24411	24422	24426	24430	24433	24436	24439	24441	24444	139
HW13	24458	24460	24463	24470	24484	24488	24491	24495	24506	24510	24514	24517	24520	24523	24525	24528	172
PH11	24542	24544	24547	24554	24568	24572	24575	24579	24590	24594	24598	24601	24604	24607	24609	24612	155
AE13	24626	24628	24631	24638	24652	24656	24659	24663	24674	24678	24682	24685	24688	24691	24693	24696	171
AE79	24710	24712	24715	24722	24736	24740	24743	24747	24758	24762	24766	24769	24772	24775	24777	24780	123
WYT38	24794	24796	24799	24806	24820	24824	24827	24831	24842	24846	24850	24853	24856	24859	24861	24864	116
AE28	24878	24880	24883	24890	24904	24908	24911	24915	24926	24930	24934	24937	24940	24943	24945	24948	142
WYT57	24962	24964	24967	24974	24988	24992	24995	24999	25010	25014	25018	25021	25024	25027	25029	25032	121
WiW20	25046	25048	25051	25058	25072	25076	25079	25083	25094	25098	25102	25105	25108	25111	25113	25116	165
SP11	25130	25132	25135	25142	25156	25160	25163	25167	25178	25182	25186	25189	25192	25195	25197	25200	147
BB65	25214	25216	25219	25226	25240	25244	25247	25251	25262	25266	25270	25273	25276	25279	25281	25284	103
BCW22	25298	25300	25303	25310	25324	25328	25331	25335	25346	25350	25354	25357	25360	25363	25365	25368	68
AE76	25382	25384	25387	25394	25408	25412	25415	25419	25430	25434	25438	25441	25444	25447	25449	25452	186
WiW47	25466	25468	25471	25478	25492	25496	25499	25503	25514	25518	25522	25525	25528	25531	25533	25536	128
WiW32	25550	25552	25555	25562	25576	25580	25583	25587	25598	25602	25606	25609	25612	25615	25617	25620	149
WYT50	25634	25636	25639	25646	25660	25664	25667	25671	25682	25686	25690	25693	25696	25699	25701	25704	133
WiW40	25718	25720	25723	25730	25744	25748	25751	25755	25766	25770	25774	25777	25780	25783	25785	25788	108
BW14	25802	25804	25807	25814	25828	25832	25835	25839	25850	25854	25858	25861	25864	25867	25869	25872	157
WYC37	25886	25888	25891	25898	25912	25916	25919	25923	25934	25938	25942	25945	25948	25951	25953	25956	139
WYT51	25970	25972	25975	25982	25996	26000	26003	26007	26018	26022	26026	26029	26032	26035	26037	26040	126
BCW08	26054	26056	26059	26066	26080	26084	26087	26091	26102	26106	26110	26113	26116	26119	26121	26124	96
WYM10	26138	26140	26143	26150	26164	26168	26171	26175	26186	26190	26194	26197	26200	26203	26205	26208	130
SAC06	26222	26224	26227	26234	26248	26252	26255	26259	26270	26274	26278	26281	26284	26287	26289	26292	103
WGP02	26306	26308	26311	26318	26332	26336	26339	26343	26354	26358	26362	26365	26368	26371	26373	26376	145
WYD12	26390	26392	26395	26402	26416	26420	26423	26427	26438	26442	26446	26449	26452	26455	26457	26460	179
WYT21	26474	26476	26479	26486	26500	26504	26507	26511	26522	26526	26530	26533	26536	26539	26541	26544	172
OWW09	26558	26560	26563	26570	26584	26588	26591	26595	26606	26610	26614	26617	26620	26623	26625	26628	144
WP07	26642	26644	26647	26654	26668	26672	26675	26679	26690	26694	26698	26701	26704	26707	26709	26712	162
WiW22	26726	26728	26731	26738	26752	26756	26759	26763	26774	26778	26782	26785	26788	26791	26793	26796	113
BB43	26810	26812	26815	26822	26836	26840	26843	26847	26858	26862	26866	26869	26872	26875	26877	26880	126
OWW03	26894	26896	26899	26906	26920	26924	26927	26931	26942	26946	26950	26953	26956	26959	26961	26964	158
LW01	26978	26980	26983	26990	27004	27008	27011	27015	27026	27030	27034	27037	27040	27043	27045	27048	178
HW04	27062	27064	27067	27074	27088	27092	27095	27099	27110	27114	27118	27121	27124	27127	27129	27132	189
WiW06	27146	27148	27151	27158	27172	27176	27179	27183	27194	27198	27202	27205	27208	27211	27213	27216	147
PH13	27230	27232	27235	27242	27256	27260	27263	27267	27278	27282	27286	27289	27292	27295	27297	27300	136
WYD11	27314	27316	27319	27326	27340	27344	27347	27351	27362	27366	27370	27373	27376	27379	27381	27384	158
BB92	27398	27400	27403	27410	27424	27428	27431	27435	27446	27450	27454	27457	27460	27463	27465	27468	121
WF05	27482	27484	27487	27494	27508	27512	27515	27519	27530	27534	27538	27541	27544	27547	27549	27552	163
WYC43	27566	27568	27571	27578	27592	27596	27599	27603	27614	27618	27622	27625	27628	27631	27633	27636	116
LW03	27650	27652	27655	27662	27676	27680	27683	27687	27698	27702	27706	27709	27712	27715	27717	27720	149
WYT75	27734	27736	27739	27746	27760	27764	27767	27771	27782	27786	27790	27793	27796	27799	27801	27804	134
BB56	27818	27820	27823	27830	27844	27848	27851	27855	27866	27870	27874	27877	27880	27883	27885	27888	115
WYM15	27902	27904	27907	27914	27928	27932	27935	27939	27950	27954	27958	27961	27964	27967	27969	27972	146
WYC25	27986	27988	27991	27998	28012	28016	28019	28023	28034	28038	28042	28045	28048	28051	28053	28056	143
AE70	28070	28072	28075	28082	28096	28100	28103	28107	28118	28122	28126	28129	28132	28135	28137	28140	134
AE03	28154	28156	28159	28166	28180	28184	28187	28191	28202	28206	28210	28213	28216	28219	28221	28224	153
WYM12	28238	28240	28243	28250	28264	28268	28271	28275	28286	28290	28294	28297	28300	28303	28305	28308	161
AE48	28322	28324	28327	28334	28348	28352	28355	28359	28370	28374	28378	28381	28384	28387	28389	28392	135
WYC09	28406	28408	28411	28418	28432	28436	28439	28443	28454	28458	28462	28465	28468	28471	28473	28476	113
BB67	28490	28492	28495	28502	28516	28520	28523	28527	28538	28542	28546	28549	28552	28555	28557	28560	110
AE133	28574	28576	28579	28586	28600	28604	28607	28611	28622	28626	28630	28633	28636	28639	28641	28644	98
WiW26	28658	28660	28663	28670	28684	28688	28691	28695	28706	28710	28714	28717	28720	28723	28725	28728	177
WiW41	28742	28744	28747	28754	28768	28772	28775	28779	28790	28794	28798	28801	28804	28807	28809	28812	99
BB72	28826	28828	28831	28838	28852	28856	28859	28863	28874	28878	28882	28885	28888	28891	28893	28896	113
PH06	28910	28912	28915	28922	28936	28940	28943	28947	28958	28962	28966	28969	28972	28975	28977	28980	146
WEL20	28994	28996	28999	29006	29020	29024	29027	29031	29042	29046	29050	29053	29056	29059	29061	29064	154
AE137	29078	29080	29083	29090	29104	29108	29111	29115	29126	29130	29134	29137	29140	29143	29145	29148	141
AE176	29162	29164	29167	29174	29188	29192	29195	29199	29210	29214	29218	29221	29224	29227	29229	29232	175
BB85	29246	29248	29251	29258	29272	29276	29279	29283	29294	29298	29302	29305	29308	29311	29313	29316	85
BW16	29330	29332	29335	29342	29356	29360	29363	29367	29378	29382	29386	29389	29392	29395	29397	29400	164
LW02	29414	29416	29419	29426	29440	29444	29447	29451	29462	29466	29470	29473	29476	29479	29481	29484	116
BB33	29498	29500	29503	29510	29524	29528	29531	29535	29546	29550	29554	29557	29560	29563	29565	29568	124
WYT44	29582	29584	29587	29594	29608	29612	29615	29619	29630	29634	29638	29641	29644	29647	29649	29652	116
BCW24	29666	29668	29671	29678	29692	29696	29699	29703	29714	29718	29722	29725	29728	29731	29733	29736	137
AE88	29750	29752	29755	29762	29776	29780	29783	29787	29798	29802	29806	29809	29812	29815	29817	29820	135
WEL26	29834	29836	29839	29846	29860	29864	29867	29871	29882	29886	29890	29893	29896	29899	29901	29904	174
WYT111	29918	29920	29923	29930	29944	29948	29951	29955	29966	29970	29974	29977	29980	29983	29985	29988	135
WiW12	30002	30004	30007	30014	30028	30032	30035	30039	30050	30054	30058	30061	30064	30067	30069	30072	152
AE170	30086	30088	30091	30098	30112	30116	30119	30123	30134	30138	30142	30145	30148	30151	30153	30156	118
WYM26	30170	30172	30175	30182	30196	30200	30203	30207	30218	30222	30226	30229	30232	30235	30237	30240	122
WEL03	30254	30256	30259	30266	30280	30284	30287	30291	30302	30306	30310	30313	30316	30319	30321	30324	201
AE87	30338	30340	30343	30350	30364	30368	30371	30375	30386	30390	30394	30397	30400	30403	30405	30408	120
AE63	30422	30424	30427	30434	30448	30452	30455	30459	30470	30474	30478	30481	30484	30487	30489	30492	135
SP17	30506	30508	30511	30518	30532	30536	30539	30543	30554	30558	30562	30565	30568	30571	30573	30576	131
BW13	30590	30592	30595	30602	30616	30620	30623	30627	30638	30642	30646	30649	30652	30655	30657	30660	138
WiW27	30674	30676	30679	30686	30700	30704	30707	30711	30722	30726	30730	30733	30736	30739	30741	30744	126
WYT79	30758	30760	30763	30770	30784	30788	30791	30795	30806	30810	30814	30817	30820	30823	30825	30828	120
SNG02	30842	30844	30847	30854	30868	30872	30875	30879	30890	30894	30898	30901	30904	30907	30909	30912	168
BW07	30926	30928	30931	30938	30952	30956	30959	30963	30974	30978	30982	30985	30988	30991	30993	30996	148
WYC11	31010	31012	31015	31022	31036	31040	31043	31047	31058	31062	31066	31069	31072	31075	31077	31080	133
WYT106	31094	31096	31099	31106	31120	31124	31127	31131	31142	31146	31150	31153	31156	31159	31161	31164	113
AE71	31178	31180	31183	31190	31204	31208	31211	31215	31226	31230	31234	31237	31240	31243	31245	31248	129
WYT34	31262	31264	31267	31274	31288	31292	31295	31299	31310	31314	31318	31321	31324	31327	31329	31332	136
HW06	31346	31348	31351	31358	31372	31376	31379	31383	31394	31398	31402	31405	31408	31411	31413	31416	197
BCW16	31430	31432	31435	31442	31456	31460	31463	31467	31478	31482	31486	31489	31492	31495	31497	31500	148
WYC17	31514	31516	31519	31526	31540	31544	31547	31551	31562	31566	31570	31573	31576	31579	31581	31584	121
PH16	31598	31600	31603	31610	31624	31628	31631	31635	31646	31650	31654	31657	31660	31663	31665	31668	131
AE94	31682	31684	31687	31694	31708	31712	31715	31719	31730	31734	31738	31741	31744	31747	31749	31752	103
WP11	31766	31768	31771	31778	31792	31796	31799	31803	31814	31818	31822	31825	31828	31831	31833	31836	85
BB08	31850	31852	31855	31862	31876	31880	31883	31887	31898	31902	31906	31909	31912	31915	31917	31920	185
PH07	31934	31936	31939	31946	31960	31964	31967	31971	31982	31986	31990	31993	31996	31999	32001	32004	169
WYC12	32018	32020	32023	32030	32044	32048	32051	32055	32066	32070	32074	32077	32080	32083	32085	32088	125
AE01	32102	32104	32107	32114	32128	32132	32135	32139	32150	32154	32158	32161	32164	32167	32169	32172	139
LW09	32186	32188	32191	32198	32212	32216	32219	32223	32234	32238	32242	32245	32248	32251	32253	32256	175
WiW49	32270	32272	32275	32282	32296	32300	32303	32307	32318	32322	32326	32329	32332	32335	32337	32340	93
WYD03	32354	32356	32359	32366	32380	32384	32387	32391	32402	32406	32410	32413	32416	32419	32421	32424	152
WiW03	32438	32440	32443	32450	32464	32468	32471	32475	32486	32490	32494	32497	32500	32503	32505	32508	138
WYT88	32522	32524	32527	32534	32548	32552	32555	32559	32570	32574	32578	32581	32584	32587	32589	32592	111
WYT24	32606	32608	32611	32618	32632	32636	32639	32643	32654	32658	32662	32665	32668	32671	32673	32676	151
WF02	32690	32692	32695	32702	32716	32720	32723	32727	32738	32742	32746	32749	32752	32755	32757	32760	105
PH05	32774	32776	32779	32786	32800	32804	32807	32811	32822	32826	32830	32833	32836	32839	32841	32844	136
BB74	32858	32860	32863	32870	32884	32888	32891	32895	32906	32910	32914	32917	32920	32923	32925	32928	113
SAC08	32942	32944	32947	32954	32968	32972	32975	32979	32990	32994	32998	33001	33004	33007	33009	33012	128
AE73	33026	33028	33031	33038	33052	33056	33059	33063	33074	33078	33082	33085	33088	33091	33093	33096	133
WEL06	33110	33112	33115	33122	33136	33140	33143	33147	33158	33162	33166	33169	33172	33175	33177	33180	200
AE43	33194	33196	33199	33206	33220	33224	33227	33231	33242	33246	33250	33253	33256	33259	33261	33264	138
WF04	33278	33280	33283	33290	33304	33308	33311	33315	33326	33330	33334	33337	33340	33343	33345	33348	142
BB82	33362	33364	33367	33374	33388	33392	33395	33399	33410	33414	33418	33421	33424	33427	33429	33432	99
AE90	33446	33448	33451	33458	33472	33476	33479	33483	33494	33498	33502	33505	33508	33511	33513	33516	126
WYC28	33530	33532	33535	33542	33556	33560	33563	33567	33578	33582	33586	33589	33592	33595	33597	33600	136
WYC40	33614	33616	33619	33626	33640	33644	33647	33651	33662	33666	33670	33673	33676	33679	33681	33684	112
OWW04	33698	33700	33703	33710	33724	33728	33731	33735	33746	33750	33754	33757	33760	33763	33765	33768	132
WYM03	33782	33784	33787	33794	33808	33812	33815	33819	33830	33834	33838	33841	33844	33847	33849	33852	149
WYT102	33866	33868	33871	33878	33892	33896	33899	33903	33914	33918	33922	33925	33928	33931	33933	33936	89
BB59	33950	33952	33955	33962	33976	33980	33983	33987	33998	34002	34006	34009	34012	34015	34017	34020	107
AE151	34034	34036	34039	34046	34060	34064	34067	34071	34082	34086	34090	34093	34096	34099	34101	34104	178
AE130	34118	34120	34123	34130	34144	34148	34151	34155	34166	34170	34174	34177	34180	34183	34185	34188	156
AE128	34202	34204	34207	34214	34228	34232	34235	34239	34250	34254	34258	34261	34264	34267	34269	34272	146
SAC05	34286	34288	34291	34298	34312	34316	34319	34323	34334	34338	34342	34345	34348	34351	34353	34356	144
BB20	34370	34372	34375	34382	34396	34400	34403	34407	34418	34422	34426	34429	34432	34435	34437	34440	105
WYT46	34454	34456	34459	34466	34480	34484	34487	34491	34502	34506	34510	34513	34516	34519	34521	34524	127
AE106	34538	34540	34543	34550	34564	34568	34571	34575	34586	34590	34594	34597	34600	34603	34605	34608	116
AE83	34622	34624	34627	34634	34648	34652	34655	34659	34670	34674	34678	34681	34684	34687	34689	34692	139
BCW18	34706	34708	34711	34718	34732	34736	34739	34743	34754	34758	34762	34765	34768	34771	34773	34776	96
WYC31	34790	34792	34795	34802	34816	34820	34823	34827	34838	34842	34846	34849	34852	34855	34857	34860	156
WYC19	34874	34876	34879	34886	34900	34904	34907	34911	34922	34926	34930	34933	34936	34939	34941	34944	109
HW07	34958	34960	34963	34970	34984	34988	34991	34995	35006	35010	35014	35017	35020	35023	35025	35028	191
BB47	35042	35044	35047	35054	35068	35072	35075	35079	35090	35094	35098	35101	35104	35107	35109	35112	145
HW05	35126	35128	35131	35138	35152	35156	35159	35163	35174	35178	35182	35185	35188	35191	35193	35196	172
AE167	35210	35212	35215	35222	35236	35240	35243	35247	35258	35262	35266	35269	35272	35275	35277	35280	97
AE58	35294	35296	35299	35306	35320	35324	35327	35331	35342	35346	35350	35353	35356	35359	35361	35364	151
HW14	35378	35380	35383	35390	35404	35408	35411	35415	35426	35430	35434	35437	35440	35443	35445	35448	178
BB73	35462	35464	35467	35474	35488	35492	35495	35499	35510	35514	35518	35521	35524	35527	35529	35532	91
WEL09	35546	35548	35551	35558	35572	35576	35579	35583	35594	35598	35602	35605	35608	35611	35613	35616	161
WYT05	35630	35632	35635	35642	35656	35660	35663	35667	35678	35682	35686	35689	35692	35695	35697	35700	138
HW16	35714	35716	35719	35726	35740	35744	35747	35751	35762	35766	35770	35773	35776	35779	35781	35784	158
AE108	35798	35800	35803	35810	35824	35828	35831	35835	35846	35850	35854	35857	35860	35863	35865	35868	158
WYT03	35882	35884	35887	35894	35908	35912	35915	35919	35930	35934	35938	35941	35944	35947	35949	35952	129
WYT69	35966	35968	35971	35978	35992	35996	35999	36003	36014	36018	36022	36025	36028	36031	36033	36036	108
WF06	36050	36052	36055	36062	36076	36080	36083	36087	36098	36102	36106	36109	36112	36115	36117	36120	140
BCW01	36134	36136	36139	36146	36160	36164	36167	36171	36182	36186	36190	36193	36196	36199	36201	36204	111
WYM19	36218	36220	36223	36230	36244	36248	36251	36255	36266	36270	36274	36277	36280	36283	36285	36288	137
WYT25	36302	36304	36307	36314	36328	36332	36335	36339	36350	36354	36358	36361	36364	36367	36369	36372	115
WYC05	36386	36388	36391	36398	36412	36416	36419	36423	36434	36438	36442	36445	36448	36451	36453	36456	126
SAC15	36470	36472	36475	36482	36496	36500	36503	36507	36518	36522	36526	36529	36532	36535	36537	36540	174
BB75	36554	36556	36559	36566	36580	36584	36587	36591	36602	36606	36610	36613	36616	36619	36621	36624	114
WYT19	36638	36640	36643	36650	36664	36668	36671	36675	36686	36690	36694	36697	36700	36703	36705	36708	132
SP12	36722	36724	36727	36734	36748	36752	36755	36759	36770	36774	36778	36781	36784	36787	36789	36792	151
WiW53	36806	36808	36811	36818	36832	36836	36839	36843	36854	36858	36862	36865	36868	36871	36873	36876	114
WEL08	36890	36892	36895	36902	36916	36920	36923	36927	36938	36942	36946	36949	36952	36955	36957	36960	202
WYT108	36974	36976	36979	36986	37000	37004	37007	37011	37022	37026	37030	37033	37036	37039	37041	37044	118
AE120	37058	37060	37063	37070	37084	37088	37091	37095	37106	37110	37114	37117	37120	37123	37125	37128	116
BB83	37142	37144	37147	37154	37168	37172	37175	37179	37190	37194	37198	37201	37204	37207	37209	37212	109
AE19	37226	37228	37231	37238	37252	37256	37259	37263	37274	37278	37282	37285	37288	37291	37293	37296	148
LW08	37310	37312	37315	37322	37336	37340	37343	37347	37358	37362	37366	37369	37372	37375	37377	37380	171
WGP06	37394	37396	37399	37406	37420	37424	37427	37431	37442	37446	37450	37453	37456	37459	37461	37464	157
SAC09	37478	37480	37483	37490	37504	37508	37511	37515	37526	37530	37534	37537	37540	37543	37545	37548	164
WYT74	37562	37564	37567	37574	37588	37592	37595	37599	37610	37614	37618	37621	37624	37627	37629	37632	110
AE10	37646	37648	37651	37658	37672	37676	37679	37683	37694	37698	37702	37705	37708	37711	37713	37716	141
WYT55	37730	37732	37735	37742	37756	37760	37763	37767	37778	37782	37786	37789	37792	37795	37797	37800	127
AE153	37814	37816	37819	37826	37840	37844	37847	37851	37862	37866	37870	37873	37876	37879	37881	37884	111
WYT62	37898	37900	37903	37910	37924	37928	37931	37935	37946	37950	37954	37957	37960	37963	37965	37968	115
WYT30	37982	37984	37987	37994	38008	38012	38015	38019	38030	38034	38038	38041	38044	38047	38049	38052	136
WP16	38066	38068	38071	38078	38092	38096	38099	38103	38114	38118	38122	38125	38128	38131	38133	38136	116
WYD04	38150	38152	38155	38162	38176	38180	38183	38187	38198	38202	38206	38209	38212	38215	38217	38220	142
WYC20	38234	38236	38239	38246	38260	38264	38267	38271	38282	38286	38290	38293	38296	38299	38301	38304	118
AE46	38318	38320	38323	38330	38344	38348	38351	38355	38366	38370	38374	38377	38380	38383	38385	38388	131
AE84	38402	38404	38407	38414	38428	38432	38435	38439	38450	38454	38458	38461	38464	38467	38469	38472	135
WYC27	38486	38488	38491	38498	38512	38516	38519	38523	38534	38538	38542	38545	38548	38551	38553	38556	119
BB37	38570	38572	38575	38582	38596	38600	38603	38607	38618	38622	38626	38629	38632	38635	38637	38640	107
WYM32	38654	38656	38659	38666	38680	38684	38687	38691	38702	38706	38710	38713	38716	38719	38721	38724	148
BB91	38738	38740	38743	38750	38764	38768	38771	38775	38786	38790	38794	38797	38800	38803	38805	38808	105
WYT60	38822	38824	38827	38834	38848	38852	38855	38859	38870	38874	38878	38881	38884	38887	38889	38892	132
WYT84	38906	38908	38911	38918	38932	38936	38939	38943	38954	38958	38962	38965	38968	38971	38973	38976	149
OWW05	38990	38992	38995	39002	39016	39020	39023	39027	39038	39042	39046	39049	39052	39055	39057	39060	156
WYT72	39074	39076	39079	39086	39100	39104	39107	39111	39122	39126	39130	39133	39136	39139	39141	39144	125
BCW02	39158	39160	39163	39170	39184	39188	39191	39195	39206	39210	39214	39217	39220	39223	39225	39228	99
PH19	39242	39244	39247	39254	39268	39272	39275	39279	39290	39294	39298	39301	39304	39307	39309	39312	115
OWW14	39326	39328	39331	39338	39352	39356	39359	39363	39374	39378	39382	39385	39388	39391	39393	39396	90
WYT76	39410	39412	39415	39422	39436	39440	39443	39447	39458	39462	39466	39469	39472	39475	39477	39480	114
WYT06	39494	39496	39499	39506	39520	39524	39527	39531	39542	39546	39550	39553	39556	39559	39561	39564	127
BWd07	39578	39580	39583	39590	39604	39608	39611	39615	39626	39630	39634	39637	39640	39643	39645	39648	134
LW06	39662	39664	39667	39674	39688	39692	39695	39699	39710	39714	39718	39721	39724	39727	39729	39732	134
AE86	39746	39748	39751	39758	39772	39776	39779	39783	39794	39798	39802	39805	39808	39811	39813	39816	110
AE06	39830	39832	39835	39842	39856	39860	39863	39867	39878	39882	39886	39889	39892	39895	39897	39900	144
WiW24	39914	39916	39919	39926	39940	39944	39947	39951	39962	39966	39970	39973	39976	39979	39981	39984	123
WP01	39998	40000	40003	40010	40024	40028	40031	40035	40046	40050	40054	40057	40060	40063	40065	40068	156
AE80	40082	40084	40087	40094	40108	40112	40115	40119	40130	40134	40138	40141	40144	40147	40149	40152	144
WGP13	40166	40168	40171	40178	40192	40196	40199	40203	40214	40218	40222	40225	40228	40231	40233	40236	178
AE158	40250	40252	40255	40262	40276	40280	40283	40287	40298	40302	40306	40309	40312	40315	40317	40320	114
OWW12	40334	40336	40339	40346	40360	40364	40367	40371	40382	40386	40390	40393	40396	40399	40401	40404	122
WYC02	40418	40420	40423	40430	40444	40448	40451	40455	40466	40470	40474	40477	40480	40483	40485	40488	132
WiW37	40502	40504	40507	40514	40528	40532	40535	40539	40550	40554	40558	40561	40564	40567	40569	40572	141
WYM23	40586	40588	40591	40598	40612	40616	40619	40623	40634	40638	40642	40645	40648	40651	40653	40656	138
WYD07	40670	40672	40675	40682	40696	40700	40703	40707	40718	40722	40726	40729	40732	40735	40737	40740	146
WYM06	40754	40756	40759	40766	40780	40784	40787	40791	40802	40806	40810	40813	40816	40819	40821	40824	178
WYM18	40838	40840	40843	40850	40864	40868	40871	40875	40886	40890	40894	40897	40900	40903	40905	40908	123
BB78	40922	40924	40927	40934	40948	40952	40955	40959	40970	40974	40978	40981	40984	40987	40989	40992	110
WiW04	41006	41008	41011	41018	41032	41036	41039	41043	41054	41058	41062	41065	41068	41071	41073	41076	134
AE74	41090	41092	41095	41102	41116	41120	41123	41127	41138	41142	41146	41149	41152	41155	41157	41160	153
OWW13	41174	41176	41179	41186	41200	41204	41207	41211	41222	41226	41230	41233	41236	41239	41241	41244	122
LW04	41258	41260	41263	41270	41284	41288	41291	41295	41306	41310	41314	41317	41320	41323	41325	41328	113
WYC01	41342	41344	41347	41354	41368	41372	41375	41379	41390	41394	41398	41401	41404	41407	41409	41412	116
WYT56	41426	41428	41431	41438	41452	41456	41459	41463	41474	41478	41482	41485	41488	41491	41493	41496	127
WYM01	41510	41512	41515	41522	41536	41540	41543	41547	41558	41562	41566	41569	41572	41575	41577	41580	122
AE37	41594	41596	41599	41606	41620	41624	41627	41631	41642	41646	41650	41653	41656	41659	41661	41664	138
WYT29	41678	41680	41683	41690	41704	41708	41711	41715	41726	41730	41734	41737	41740	41743	41745	41748	132
AE49	41762	41764	41767	41774	41788	41792	41795	41799	41810	41814	41818	41821	41824	41827	41829	41832	138
SAC10	41846	41848	41851	41858	41872	41876	41879	41883	41894	41898	41902	41905	41908	41911	41913	41916	186
HW08	41930	41932	41935	41942	41956	41960	41963	41967	41978	41982	41986	41989	41992	41995	41997	42000	168
WYM31	42014	42016	42019	42026	42040	42044	42047	42051	42062	42066	42070	42073	42076	42079	42081	42084	138
BB76	42098	42100	42103	42110	42124	42128	42131	42135	42146	42150	42154	42157	42160	42163	42165	42168	80
OWW10	42182	42184	42187	42194	42208	42212	42215	42219	42230	42234	42238	42241	42244	42247	42249	42252	92
PH10	42266	42268	42271	42278	42292	42296	42299	42303	42314	42318	42322	42325	42328	42331	42333	42336	125
BW15	42350	42352	42355	42362	42376	42380	42383	42387	42398	42402	42406	42409	42412	42415	42417	42420	175
WYT61	42434	42436	42439	42446	42460	42464	42467	42471	42482	42486	42490	42493	42496	42499	42501	42504	147
WYT20	42518	42520	42523	42530	42544	42548	42551	42555	42566	42570	42574	42577	42580	42583	42585	42588	147
AE81	42602	42604	42607	42614	42628	42632	42635	42639	42650	42654	42658	42661	42664	42667	42669	42672	149
WiW38	42686	42688	42691	42698	42712	42716	42719	42723	42734	42738	42742	42745	42748	42751	42753	42756	107
BCW23	42770	42772	42775	42782	42796	42800	42803	42807	42818	42822	42826	42829	42832	42835	42837	42840	102
AE122	42854	42856	42859	42866	42880	42884	42887	42891	42902	42906	42910	42913	42916	42919	42921	42924	140
WiW54	42938	42940	42943	42950	42964	42968	42971	42975	42986	42990	42994	42997	43000	43003	43005	43008	111
BWd04	43022	43024	43027	43034	43048	43052	43055	43059	43070	43074	43078	43081	43084	43087	43089	43092	126
WiW51	43106	43108	43111	43118	43132	43136	43139	43143	43154	43158	43162	43165	43168	43171	43173	43176	124
BB77	43190	43192	43195	43202	43216	43220	43223	43227	43238	43242	43246	43249	43252	43255	43257	43260	89
BB39	43274	43276	43279	43286	43300	43304	43307	43311	43322	43326	43330	43333	43336	43339	43341	43344	113
OWW08	43358	43360	43363	43370	43384	43388	43391	43395	43406	43410	43414	43417	43420	43423	43425	43428	138
WYM38	43442	43444	43447	43454	43468	43472	43475	43479	43490	43494	43498	43501	43504	43507	43509	43512	98
WYT08	43526	43528	43531	43538	43552	43556	43559	43563	43574	43578	43582	43585	43588	43591	43593	43596	100
WiW44	43610	43612	43615	43622	43636	43640	43643	43647	43658	43662	43666	43669	43672	43675	43677	43680	103
BB48	43694	43696	43699	43706	43720	43724	43727	43731	43742	43746	43750	43753	43756	43759	43761	43764	138
BB44	43778	43780	43783	43790	43804	43808	43811	43815	43826	43830	43834	43837	43840	43843	43845	43848	125
WYT15	43862	43864	43867	43874	43888	43892	43895	43899	43910	43914	43918	43921	43924	43927	43929	43932	152
PH20	43946	43948	43951	43958	43972	43976	43979	43983	43994	43998	44002	44005	44008	44011	44013	44016	114
BCW09	44030	44032	44035	44042	44056	44060	44063	44067	44078	44082	44086	44089	44092	44095	44097	44100	132
BW11	44114	44116	44119	44126	44140	44144	44147	44151	44162	44166	44170	44173	44176	44179	44181	44184	192
WYT52	44198	44200	44203	44210	44224	44228	44231	44235	44246	44250	44254	44257	44260	44263	44265	44268	118
WYC24	44282	44284	44287	44294	44308	44312	44315	44319	44330	44334	44338	44341	44344	44347	44349	44352	105
WYT37	44366	44368	44371	44378	44392	44396	44399	44403	44414	44418	44422	44425	44428	44431	44433	44436	111
WYD10	44450	44452	44455	44462	44476	44480	44483	44487	44498	44502	44506	44509	44512	44515	44517	44520	171
WYT78	44534	44536	44539	44546	44560	44564	44567	44571	44582	44586	44590	44593	44596	44599	44601	44604	134
AE109	44618	44620	44623	44630	44644	44648	44651	44655	44666	44670	44674	44677	44680	44683	44685	44688	184
WEL04	44702	44704	44707	44714	44728	44732	44735	44739	44750	44754	44758	44761	44764	44767	44769	44772	182
AE174	44786	44788	44791	44798	44812	44816	44819	44823	44834	44838	44842	44845	44848	44851	44853	44856	104
AE119	44870	44872	44875	44882	44896	44900	44903	44907	44918	44922	44926	44929	44932	44935	44937	44940	153
WP06	44954	44956	44959	44966	44980	44984	44987	44991	45002	45006	45010	45013	45016	45019	45021	45024	213
WGP11	45038	45040	45043	45050	45064	45068	45071	45075	45086	45090	45094	45097	45100	45103	45105	45108	156
WYT07	45122	45124	45127	45134	45148	45152	45155	45159	45170	45174	45178	45181	45184	45187	45189	45192	125
AE51	45206	45208	45211	45218	45232	45236	45239	45243	45254	45258	45262	45265	45268	45271	45273	45276	124
AE39	45290	45292	45295	45302	45316	45320	45323	45327	45338	45342	45346	45349	45352	45355	45357	45360	137
HW15	45374	45376	45379	45386	45400	45404	45407	45411	45422	45426	45430	45433	45436	45439	45441	45444	199
AE24	45458	45460	45463	45470	45484	45488	45491	45495	45506	45510	45514	45517	45520	45523	45525	45528	116
AE33	45542	45544	45547	45554	45568	45572	45575	45579	45590	45594	45598	45601	45604	45607	45609	45612	159
WYC21	45626	45628	45631	45638	45652	45656	45659	45663	45674	45678	45682	45685	45688	45691	45693	45696	117
AE72	45710	45712	45715	45722	45736	45740	45743	45747	45758	45762	45766	45769	45772	45775	45777	45780	146
WYT39	45794	45796	45799	45806	45820	45824	45827	45831	45842	45846	45850	45853	45856	45859	45861	45864	127
WYT112	45878	45880	45883	45890	45904	45908	45911	45915	45926	45930	45934	45937	45940	45943	45945	45948	110
AE165	45962	45964	45967	45974	45988	45992	45995	45999	46010	46014	46018	46021	46024	46027	46029	46032	127
AE08	46046	46048	46051	46058	46072	46076	46079	46083	46094	46098	46102	46105	46108	46111	46113	46116	147
BB02	46130	46132	46135	46142	46156	46160	46163	46167	46178	46182	46186	46189	46192	46195	46197	46200	235
WP10	46214	46216	46219	46226	46240	46244	46247	46251	46262	46266	46270	46273	46276	46279	46281	46284	113
AE67	46298	46300	46303	46310	46324	46328	46331	46335	46346	46350	46354	46357	46360	46363	46365	46368	145
BB79	46382	46384	46387	46394	46408	46412	46415	46419	46430	46434	46438	46441	46444	46447	46449	46452	98
WYC06	46466	46468	46471	46478	46492	46496	46499	46503	46514	46518	46522	46525	46528	46531	46533	46536	123
WiW23	46550	46552	46555	46562	46576	46580	46583	46587	46598	46602	46606	46609	46612	46615	46617	46620	166
LW11	46634	46636	46639	46646	46660	46664	46667	46671	46682	46686	46690	46693	46696	46699	46701	46704	158
BCW05	46718	46720	46723	46730	46744	46748	46751	46755	46766	46770	46774	46777	46780	46783	46785	46788	116
WYT09	46802	46804	46807	46814	46828	46832	46835	46839	46850	46854	46858	46861	46864	46867	46869	46872	134
AE53	46886	46888	46891	46898	46912	46916	46919	46923	46934	46938	46942	46945	46948	46951	46953	46956	163
WYM35	46970	46972	46975	46982	46996	47000	47003	47007	47018	47022	47026	47029	47032	47035	47037	47040	114
AE16	47054	47056	47059	47066	47080	47084	47087	47091	47102	47106	47110	47113	47116	47119	47121	47124	204
WYT103	47138	47140	47143	47150	47164	47168	47171	47175	47186	47190	47194	47197	47200	47203	47205	47208	137
HW12	47222	47224	47227	47234	47248	47252	47255	47259	47270	47274	47278	47281	47284	47287	47289	47292	194
AE21	47306	47308	47311	47318	47332	47336	47339	47343	47354	47358	47362	47365	47368	47371	47373	47376	167
AE166	47390	47392	47395	47402	47416	47420	47423	47427	47438	47442	47446	47449	47452	47455	47457	47460	106
AE111	47474	47476	47479	47486	47500	47504	47507	47511	47522	47526	47530	47533	47536	47539	47541	47544	153
WEL01	47558	47560	47563	47570	47584	47588	47591	47595	47606	47610	47614	47617	47620	47623	47625	47628	208
WYT48	47642	47644	47647	47654	47668	47672	47675	47679	47690	47694	47698	47701	47704	47707	47709	47712	118
WiW55	47726	47728	47731	47738	47752	47756	47759	47763	47774	47778	47782	47785	47788	47791	47793	47796	135
AE145	47810	47812	47815	47822	47836	47840	47843	47847	47858	47862	47866	47869	47872	47875	47877	47880	171
WGP07	47894	47896	47899	47906	47920	47924	47927	47931	47942	47946	47950	47953	47956	47959	47961	47964	126
WYC23	47978	47980	47983	47990	48004	48008	48011	48015	48026	48030	48034	48037	48040	48043	48045	48048	115
WEL13	48062	48064	48067	48074	48088	48092	48095	48099	48110	48114	48118	48121	48124	48127	48129	48132	141
WiW43	48146	48148	48151	48158	48172	48176	48179	48183	48194	48198	48202	48205	48208	48211	48213	48216	105
WYT64	48230	48232	48235	48242	48256	48260	48263	48267	48278	48282	48286	48289	48292	48295	48297	48300	105
WP12	48314	48316	48319	48326	48340	48344	48347	48351	48362	48366	48370	48373	48376	48379	48381	48384	124
BB09	48398	48400	48403	48410	48424	48428	48431	48435	48446	48450	48454	48457	48460	48463	48465	48468	184
WYT73	48482	48484	48487	48494	48508	48512	48515	48519	48530	48534	48538	48541	48544	48547	48549	48552	138
WEL22	48566	48568	48571	48578	48592	48596	48599	48603	48614	48618	48622	48625	48628	48631	48633	48636	134
BB49	48650	48652	48655	48662	48676	48680	48683	48687	48698	48702	48706	48709	48712	48715	48717	48720	154
WYC38	48734	48736	48739	48746	48760	48764	48767	48771	48782	48786	48790	48793	48796	48799	48801	48804	113
LW05	48818	48820	48823	48830	48844	48848	48851	48855	48866	48870	48874	48877	48880	48883	48885	48888	127
BCW06	48902	48904	48907	48914	48928	48932	48935	48939	48950	48954	48958	48961	48964	48967	48969	48972	102
SP10	48986	48988	48991	48998	49012	49016	49019	49023	49034	49038	49042	49045	49048	49051	49053	49056	131
WYT110	49070	49072	49075	49082	49096	49100	49103	49107	49118	49122	49126	49129	49132	49135	49137	49140	134
WYT32	49154	49156	49159	49166	49180	49184	49187	49191	49202	49206	49210	49213	49216	49219	49221	49224	137
WYT02	49238	49240	49243	49250	49264	49268	49271	49275	49286	49290	49294	49297	49300	49303	49305	49308	131
WYM41	49322	49324	49327	49334	49348	49352	49355	49359	49370	49374	49378	49381	49384	49387	49389	49392	163
WYD05	49406	49408	49411	49418	49432	49436	49439	49443	49454	49458	49462	49465	49468	49471	49473	49476	140
WYT28	49490	49492	49495	49502	49516	49520	49523	49527	49538	49542	49546	49549	49552	49555	49557	49560	96
AE85	49574	49576	49579	49586	49600	49604	49607	49611	49622	49626	49630	49633	49636	49639	49641	49644	138
BCW12	49658	49660	49663	49670	49684	49688	49691	49695	49706	49710	49714	49717	49720	49723	49725	49728	161
OWW06	49742	49744	49747	49754	49768	49772	49775	49779	49790	49794	49798	49801	49804	49807	49809	49812	138
AE162	49826	49828	49831	49838	49852	49856	49859	49863	49874	49878	49882	49885	49888	49891	49893	49896	95
WYT40	49910	49912	49915	49922	49936	49940	49943	49947	49958	49962	49966	49969	49972	49975	49977	49980	113
WYM40	49994	49996	49999	50006	50020	50024	50027	50031	50042	50046	50050	50053	50056	50059	50061	50064	151
WYT91	50078	50080	50083	50090	50104	50108	50111	50115	50126	50130	50134	50137	50140	50143	50145	50148	120
WYT27	50162	50164	50167	50174	50188	50192	50195	50199	50210	50214	50218	50221	50224	50227	50229	50232	118
AE35	50246	50248	50251	50258	50272	50276	50279	50283	50294	50298	50302	50305	50308	50311	50313	50316	142
BB62	50330	50332	50335	50342	50356	50360	50363	50367	50378	50382	50386	50389	50392	50395	50397	50400	177
BW05	50414	50416	50419	50426	50440	50444	50447	50451	50462	50466	50470	50473	50476	50479	50481	50484	168
WiW01	50498	50500	50503	50510	50524	50528	50531	50535	50546	50550	50554	50557	50560	50563	50565	50568	146
WYT26	50582	50584	50587	50594	50608	50612	50615	50619	50630	50634	50638	50641	50644	50647	50649	50652	125
WYT109	50666	50668	50671	50678	50692	50696	50699	50703	50714	50718	50722	50725	50728	50731	50733	50736	131
WYT31	50750	50752	50755	50762	50776	50780	50783	50787	50798	50802	50806	50809	50812	50815	50817	50820	124
SAC14	50834	50836	50839	50846	50860	50864	50867	50871	50882	50886	50890	50893	50896	50899	50901	50904	169
WYM16	50918	50920	50923	50930	50944	50948	50951	50955	50966	50970	50974	50977	50980	50983	50985	50988	145
BB15	51002	51004	51007	51014	51028	51032	51035	51039	51050	51054	51058	51061	51064	51067	51069	51072	172
WYT04	51086	51088	51091	51098	51112	51116	51119	51123	51134	51138	51142	51145	51148	51151	51153	51156	110
WiW21	51170	51172	51175	51182	51196	51200	51203	51207	51218	51222	51226	51229	51232	51235	51237	51240	126
WiW11	51254	51256	51259	51266	51280	51284	51287	51291	51302	51306	51310	51313	51316	51319	51321	51324	163
WiW57	51338	51340	51343	51350	51364	51368	51371	51375	51386	51390	51394	51397	51400	51403	51405	51408	98
WYT65	51422	51424	51427	51434	51448	51452	51455	51459	51470	51474	51478	51481	51484	51487	51489	51492	82
AE114	51506	51508	51511	51518	51532	51536	51539	51543	51554	51558	51562	51565	51568	51571	51573	51576	170
WiW16	51590	51592	51595	51602	51616	51620	51623	51627	51638	51642	51646	51649	51652	51655	51657	51660	171
AE69	51674	51676	51679	51686	51700	51704	51707	51711	51722	51726	51730	51733	51736	51739	51741	51744	113
BB99	51758	51760	51763	51770	51784	51788	51791	51795	51806	51810	51814	51817	51820	51823	51825	51828	132
WYC16	51842	51844	51847	51854	51868	51872	51875	51879	51890	51894	51898	51901	51904	51907	51909	51912	137
BB07	51926	51928	51931	51938	51952	51956	51959	51963	51974	51978	51982	51985	51988	51991	51993	51996	199
AE45	52010	52012	52015	52022	52036	52040	52043	52047	52058	52062	52066	52069	52072	52075	52077	52080	144
WP05	52094	52096	52099	52106	52120	52124	52127	52131	52142	52146	52150	52153	52156	52159	52161	52164	182
WYC07	52178	52180	52183	52190	52204	52208	52211	52215	52226	52230	52234	52237	52240	52243	52245	52248	117
WYT17	52262	52264	52267	52274	52288	52292	52295	52299	52310	52314	52318	52321	52324	52327	52329	52332	178
WGP15	52346	52348	52351	52358	52372	52376	52379	52383	52394	52398	52402	52405	52408	52411	52413	52416	173
WYT100	52430	52432	52435	52442	52456	52460	52463	52467	52478	52482	52486	52489	52492	52495	52497	52500	148
OWW16	52514	52516	52519	52526	52540	52544	52547	52551	52562	52566	52570	52573	52576	52579	52581	52584	151
WYC35	52598	52600	52603	52610	52624	52628	52631	52635	52646	52650	52654	52657	52660	52663	52665	52668	109
AE127	52682	52684	52687	52694	52708	52712	52715	52719	52730	52734	52738	52741	52744	52747	52749	52752	151
WiW50	52766	52768	52771	52778	52792	52796	52799	52803	52814	52818	52822	52825	52828	52831	52833	52836	136
AE113	52850	52852	52855	52862	52876	52880	52883	52887	52898	52902	52906	52909	52912	52915	52917	52920	133
WYT101	52934	52936	52939	52946	52960	52964	52967	52971	52982	52986	52990	52993	52996	52999	53001	53004	80
SNG01	53018	53020	53023	53030	53044	53048	53051	53055	53066	53070	53074	53077	53080	53083	53085	53088	129
WEL16	53102	53104	53107	53114	53128	53132	53135	53139	53150	53154	53158	53161	53164	53167	53169	53172	124
WP03	53186	53188	53191	53198	53212	53216	53219	53223	53234	53238	53242	53245	53248	53251	53253	53256	175
PH24	53270	53272	53275	53282	53296	53300	53303	53307	53318	53322	53326	53329	53332	53335	53337	53340	140
AE169	53354	53356	53359	53366	53380	53384	53387	53391	53402	53406	53410	53413	53416	53419	53421	53424	116
BB12	53438	53440	53443	53450	53464	53468	53471	53475	53486	53490	53494	53497	53500	53503	53505	53508	201
SP16	53522	53524	53527	53534	53548	53552	53555	53559	53570	53574	53578	53581	53584	53587	53589	53592	137
AE123	53606	53608	53611	53618	53632	53636	53639	53643	53654	53658	53662	53665	53668	53671	53673	53676	134
WP13	53690	53692	53695	53702	53716	53720	53723	53727	53738	53742	53746	53749	53752	53755	53757	53760	106
BB87	53774	53776	53779	53786	53800	53804	53807	53811	53822	53826	53830	53833	53836	53839	53841	53844	116
WYC18	53858	53860	53863	53870	53884	53888	53891	53895	53906	53910	53914	53917	53920	53923	53925	53928	102
WGP03	53942	53944	53947	53954	53968	53972	53975	53979	53990	53994	53998	54001	54004	54007	54009	54012	134
WYT83	54026	54028	54031	54038	54052	54056	54059	54063	54074	54078	54082	54085	54088	54091	54093	54096	129
WiW07	54110	54112	54115	54122	54136	54140	54143	54147	54158	54162	54166	54169	54172	54175	54177	54180	137
WYD08	54194	54196	54199	54206	54220	54224	54227	54231	54242	54246	54250	54253	54256	54259	54261	54264	122
BW09	54278	54280	54283	54290	54304	54308	54311	54315	54326	54330	54334	54337	54340	54343	54345	54348	162
WiW46	54362	54364	54367	54374	54388	54392	54395	54399	54410	54414	54418	54421	54424	54427	54429	54432	106
WGP09	54446	54448	54451	54458	54472	54476	54479	54483	54494	54498	54502	54505	54508	54511	54513	54516	191
BW21	54530	54532	54535	54542	54556	54560	54563	54567	54578	54582	54586	54589	54592	54595	54597	54600	167
WiW14	54614	54616	54619	54626	54640	54644	54647	54651	54662	54666	54670	54673	54676	54679	54681	54684	161
AE14	54698	54700	54703	54710	54724	54728	54731	54735	54746	54750	54754	54757	54760	54763	54765	54768	152
WYC29	54782	54784	54787	54794	54808	54812	54815	54819	54830	54834	54838	54841	54844	54847	54849	54852	135
SAC12	54866	54868	54871	54878	54892	54896	54899	54903	54914	54918	54922	54925	54928	54931	54933	54936	180
WiW05	54950	54952	54955	54962	54976	54980	54983	54987	54998	55002	55006	55009	55012	55015	55017	55020	129
BCW25	55034	55036	55039	55046	55060	55064	55067	55071	55082	55086	55090	55093	55096	55099	55101	55104	150
AE156	55118	55120	55123	55130	55144	55148	55151	55155	55166	55170	55174	55177	55180	55183	55185	55188	86
WYC10	55202	55204	55207	55214	55228	55232	55235	55239	55250	55254	55258	55261	55264	55267	55269	55272	117
AE78	55286	55288	55291	55298	55312	55316	55319	55323	55334	55338	55342	55345	55348	55351	55353	55356	125
WEL11	55370	55372	55375	55382	55396	55400	55403	55407	55418	55422	55426	55429	55432	55435	55437	55440	124
BCW15	55454	55456	55459	55466	55480	55484	55487	55491	55502	55506	55510	55513	55516	55519	55521	55524	147
WYD02	55538	55540	55543	55550	55564	55568	55571	55575	55586	55590	55594	55597	55600	55603	55605	55608	130
WYM24	55622	55624	55627	55634	55648	55652	55655	55659	55670	55674	55678	55681	55684	55687	55689	55692	136
BB55	55706	55708	55711	55718	55732	55736	55739	55743	55754	55758	55762	55765	55768	55771	55773	55776	141
AE09	55790	55792	55795	55802	55816	55820	55823	55827	55838	55842	55846	55849	55852	55855	55857	55860	145
LW12	55874	55876	55879	55886	55900	55904	55907	55911	55922	55926	55930	55933	55936	55939	55941	55944	177
AE32	55958	55960	55963	55970	55984	55988	55991	55995	56006	56010	56014	56017	56020	56023	56025	56028	133
OWW15	56042	56044	56047	56054	56068	56072	56075	56079	56090	56094	56098	56101	56104	56107	56109	56112	122
WiW39	56126	56128	56131	56138	56152	56156	56159	56163	56174	56178	56182	56185	56188	56191	56193	56196	125
PH18	56210	56212	56215	56222	56236	56240	56243	56247	56258	56262	56266	56269	56272	56275	56277	56280	154
AE55	56294	56296	56299	56306	56320	56324	56327	56331	56342	56346	56350	56353	56356	56359	56361	56364	147
WGP18	56378	56380	56383	56390	56404	56408	56411	56415	56426	56430	56434	56437	56440	56443	56445	56448	140
BCW17	56462	56464	56467	56474	56488	56492	56495	56499	56510	56514	56518	56521	56524	56527	56529	56532	98
AE125	56546	56548	56551	56558	56572	56576	56579	56583	56594	56598	56602	56605	56608	56611	56613	56616	105
AE89	56630	56632	56635	56642	56656	56660	56663	56667	56678	56682	56686	56689	56692	56695	56697	56700	125
BB26	56714	56716	56719	56726	56740	56744	56747	56751	56762	56766	56770	56773	56776	56779	56781	56784	96
AE164	56798	56800	56803	56810	56824	56828	56831	56835	56846	56850	56854	56857	56860	56863	56865	56868	94
AE77	56882	56884	56887	56894	56908	56912	56915	56919	56930	56934	56938	56941	56944	56947	56949	56952	113
WYT93	56966	56968	56971	56978	56992	56996	56999	57003	57014	57018	57022	57025	57028	57031	57033	57036	129
BB17	57050	57052	57055	57062	57076	57080	57083	57087	57098	57102	57106	57109	57112	57115	57117	57120	99
